  1 -0.1354851E+00
  2 -0.2246555E+00
  3 -0.2771845E+00
  4 -0.3008695E+00
  5 -0.3018075E+00
  6 -0.2638178E+00
  7 -0.1432237E+00
  8 -0.5006675E-01
  9  0.2655765E-01
 10  0.1393544E+00
 11  0.2476369E+00
 12  0.1340780E+00
 13  0.2240106E+00
 14  0.2753671E+00
 15  0.3001074E+00
 16  0.3006936E+00
 17  0.2631729E+00
 18  0.1428133E+00
 19  0.4901148E-01
 20 -0.2866820E-01
 21 -0.1400579E+00
 22 -0.2483991E+00
  1 -0.1382682E+00
  2 -0.2265282E+00
  3 -0.2781741E+00
  4 -0.3015113E+00
  5 -0.3015113E+00
  6 -0.2631424E+00
  7 -0.1425964E+00
  8 -0.5088550E-01
  9  0.2596916E-01
 10  0.1301967E+00
 11  0.2442504E+00
 12  0.1383852E+00
 13  0.2264113E+00
 14  0.2784666E+00
 15  0.3013358E+00
 16  0.3011603E+00
 17  0.2632594E+00
 18  0.1431228E+00
 19  0.5106097E-01
 20 -0.2632009E-01
 21 -0.1366890E+00
 22 -0.2443089E+00
  1 -0.1395987E+00
  2 -0.2271695E+00
  3 -0.2776775E+00
  4 -0.3012363E+00
  5 -0.3027562E+00
  6 -0.2693180E+00
  7 -0.1654958E+00
  8 -0.8640156E-01
  9 -0.1736215E-01
 10  0.9107823E-01
 11  0.2279879E+00
 12  0.1405341E+00
 13  0.2275202E+00
 14  0.2791975E+00
 15  0.3022886E+00
 16  0.3036331E+00
 17  0.2697272E+00
 18  0.1666065E+00
 19  0.8757073E-01
 20  0.1823903E-01
 21 -0.9025982E-01
 22 -0.2274618E+00
  1 -0.1432510E+00
  2 -0.2292250E+00
  3 -0.2792112E+00
  4 -0.3019004E+00
  5 -0.3033003E+00
  6 -0.2687124E+00
  7 -0.1651820E+00
  8 -0.8766545E-01
  9 -0.1948121E-01
 10  0.8871532E-01
 11  0.2242672E+00
 12  0.1433094E+00
 13  0.2298083E+00
 14  0.2792112E+00
 15  0.3019587E+00
 16  0.3032419E+00
 17  0.2690623E+00
 18  0.1652987E+00
 19  0.8795708E-01
 20  0.1918957E-01
 21 -0.8871532E-01
 22 -0.2235673E+00
  1 -0.9263386E-01
  2 -0.1865885E+00
  3 -0.2493850E+00
  4 -0.2837550E+00
  5 -0.3031763E+00
  6 -0.2845955E+00
  7 -0.2240803E+00
  8 -0.1980252E+00
  9 -0.1764726E+00
 10 -0.1350785E+00
 11 -0.1185689E-01
 12  0.9359442E-01
 13  0.1870988E+00
 14  0.2497452E+00
 15  0.2847756E+00
 16  0.3035365E+00
 17  0.2856161E+00
 18  0.2260014E+00
 19  0.1985054E+00
 20  0.1778534E+00
 21  0.1356489E+00
 22 -0.2383386E-01
  1 -0.1151119E+00
  2 -0.2082101E+00
  3 -0.2669824E+00
  4 -0.2962054E+00
  5 -0.2992019E+00
  6 -0.2481729E+00
  7 -0.6577398E-01
  8  0.6013706E-01
  9  0.1441272E+00
 10  0.2301051E+00
 11  0.2296007E+00
 12  0.1150822E+00
 13  0.2077354E+00
 14  0.2672791E+00
 15  0.2952560E+00
 16  0.2984305E+00
 17  0.2474906E+00
 18  0.6526963E-01
 19 -0.5951403E-01
 20 -0.1440975E+00
 21 -0.2296897E+00
 22 -0.2285623E+00
  1 -0.2720157E-01
  2 -0.6500328E-01
  3 -0.9320506E-01
  4 -0.9238967E-01
  5 -0.9914114E-01
  6 -0.9185694E-01
  7 -0.7712548E-01
  8 -0.1250707E+00
  9 -0.1492390E+00
 10 -0.6044902E+00
 11  0.1524788E+00
 12  0.4801045E-01
 13  0.9204177E-01
 14  0.1238422E+00
 15  0.1542727E+00
 16  0.1546532E+00
 17  0.1767015E+00
 18  0.2066754E+00
 19  0.2410525E+00
 20  0.2764406E+00
 21  0.3095456E+00
 22  0.3858883E+00
  1 -0.1049914E+00
  2 -0.1879521E+00
  3 -0.2409001E+00
  4 -0.2679861E+00
  5 -0.2753562E+00
  6 -0.2401019E+00
  7 -0.1217006E+00
  8 -0.6308529E-01
  9 -0.3876645E-01
 10 -0.5864191E-01
 11 -0.2431883E+00
 12  0.1005746E+00
 13  0.1780277E+00
 14  0.2234991E+00
 15  0.2424167E+00
 16  0.2285810E+00
 17  0.1618240E+00
 18 -0.5467746E-01
 19 -0.1912780E+00
 20 -0.2738396E+00
 21 -0.3476209E+00
 22 -0.3782722E+00
  1 -0.3796710E-01
  2 -0.8384192E-01
  3 -0.1129149E+00
  4 -0.1247180E+00
  5 -0.1154561E+00
  6 -0.6510079E-01
  7  0.1028505E+00
  8  0.2060689E+00
  9  0.2691969E+00
 10  0.3330606E+00
 11  0.4125390E+00
 12  0.6312803E-01
 13  0.1184988E+00
 14  0.1572684E+00
 15  0.1810250E+00
 16  0.2006355E+00
 17  0.2019228E+00
 18  0.2037451E+00
 19  0.2226367E+00
 20  0.2444038E+00
 21  0.2860823E+00
 22  0.3870605E+00
  1 -0.6306259E-01
  2 -0.1165829E+00
  3 -0.1540439E+00
  4 -0.1768456E+00
  5 -0.1959301E+00
  6 -0.1989875E+00
  7 -0.2032517E+00
  8 -0.2237040E+00
  9 -0.2467149E+00
 10 -0.2900653E+00
 11 -0.3933084E+00
 12  0.3615760E-01
 13  0.7904144E-01
 14  0.1052706E+00
 15  0.1146519E+00
 16  0.1014408E+00
 17  0.4772738E-01
 18 -0.1235505E+00
 19 -0.2217891E+00
 20 -0.2772726E+00
 21 -0.3306642E+00
 22 -0.4041863E+00
  1 -0.3661305E-01
  2 -0.7969491E-01
  3 -0.1059286E+00
  4 -0.1151837E+00
  5 -0.1014477E+00
  6 -0.5210884E-01
  7  0.1122507E+00
  8  0.2127370E+00
  9  0.2736936E+00
 10  0.3355627E+00
 11  0.4102226E+00
 12  0.6478572E-01
 13  0.1190617E+00
 14  0.1564080E+00
 15  0.1800183E+00
 16  0.1994735E+00
 17  0.2016896E+00
 18  0.2064963E+00
 19  0.2261797E+00
 20  0.2486331E+00
 21  0.2880325E+00
 22  0.3832395E+00
  1 -0.6350546E-01
  2 -0.1151712E+00
  3 -0.1511535E+00
  4 -0.1732584E+00
  5 -0.1922144E+00
  6 -0.1958728E+00
  7 -0.2029581E+00
  8 -0.2239208E+00
  9 -0.2476929E+00
 10 -0.2913934E+00
 11 -0.3968396E+00
 12  0.3371315E-01
 13  0.7326128E-01
 14  0.9564409E-01
 15  0.1021120E+00
 16  0.8527081E-01
 17  0.2764664E-01
 18 -0.1436668E+00
 19 -0.2357760E+00
 20 -0.2842155E+00
 21 -0.3286724E+00
 22 -0.4003746E+00
  1 -0.3929027E-01
  2 -0.8306321E-01
  3 -0.1095411E+00
  4 -0.1185733E+00
  5 -0.1044061E+00
  6 -0.4773709E-01
  7  0.1297967E+00
  8  0.2280642E+00
  9  0.2814381E+00
 10  0.3262815E+00
 11  0.3763101E+00
 12  0.6760803E-01
 13  0.1231062E+00
 14  0.1617608E+00
 15  0.1851945E+00
 16  0.2046473E+00
 17  0.2065708E+00
 18  0.2093808E+00
 19  0.2282482E+00
 20  0.2501430E+00
 21  0.2909219E+00
 22  0.3850915E+00
  1 -0.5925973E-01
  2 -0.1093547E+00
  3 -0.1447385E+00
  4 -0.1666569E+00
  5 -0.1862470E+00
  6 -0.1906662E+00
  7 -0.2009581E+00
  8 -0.2233214E+00
  9 -0.2482205E+00
 10 -0.2940593E+00
 11 -0.4048080E+00
 12  0.1684661E-01
 13  0.5433625E-01
 14  0.7846427E-01
 15  0.8854851E-01
 16  0.7724823E-01
 17  0.2555168E-01
 18 -0.1444715E+00
 19 -0.2378546E+00
 20 -0.2875342E+00
 21 -0.3337141E+00
 22 -0.4089158E+00
  1 -0.1512886E-01
  2 -0.5670818E-01
  3 -0.8469491E-01
  4 -0.9675124E-01
  5 -0.8636476E-01
  6 -0.3029112E-01
  7  0.1529919E+00
  8  0.2491754E+00
  9  0.2947289E+00
 10  0.3265229E+00
 11  0.3474128E+00
 12  0.4732362E-01
 13  0.1049001E+00
 14  0.1488506E+00
 15  0.1778560E+00
 16  0.2056256E+00
 17  0.2126223E+00
 18  0.2140751E+00
 19  0.2327273E+00
 20  0.2557546E+00
 21  0.2991707E+00
 22  0.4031691E+00
  1 -0.4524704E-01
  2 -0.9718743E-01
  3 -0.1368715E+00
  4 -0.1636301E+00
  5 -0.1893920E+00
  6 -0.1976769E+00
  7 -0.2039240E+00
  8 -0.2249858E+00
  9 -0.2489777E+00
 10 -0.2935406E+00
 11 -0.4015712E+00
 12  0.1341645E-01
 13  0.4915893E-01
 14  0.7228818E-01
 15  0.8014170E-01
 16  0.6702274E-01
 17  0.1124483E-01
 18 -0.1619642E+00
 19 -0.2494239E+00
 20 -0.2924547E+00
 21 -0.3309340E+00
 22 -0.4050666E+00
  1 -0.1256898E-01
  2 -0.5237076E-01
  3 -0.7796121E-01
  4 -0.8697736E-01
  5 -0.7206217E-01
  6 -0.1137912E-01
  7  0.1753122E+00
  8  0.2614349E+00
  9  0.2954884E+00
 10  0.3098338E+00
 11  0.3224698E+00
 12  0.5019214E-01
 13  0.1080597E+00
 14  0.1517998E+00
 15  0.1807587E+00
 16  0.2089468E+00
 17  0.2167731E+00
 18  0.2187338E+00
 19  0.2385425E+00
 20  0.2619544E+00
 21  0.3053928E+00
 22  0.4056598E+00
  1 -0.4981931E-01
  2 -0.1056546E+00
  3 -0.1484834E+00
  4 -0.1770011E+00
  5 -0.2043671E+00
  6 -0.2128072E+00
  7 -0.2179051E+00
  8 -0.2386833E+00
  9 -0.2625138E+00
 10 -0.3064620E+00
 11 -0.4077355E+00
 12  0.1061459E-01
 13  0.4600192E-01
 14  0.6793176E-01
 15  0.7430213E-01
 16  0.5486083E-01
 17 -0.9173003E-02
 18 -0.1920049E+00
 19 -0.2694076E+00
 20 -0.2970313E+00
 21 -0.3066634E+00
 22 -0.3243732E+00
  1 -0.1092848E-01
  2 -0.4637764E-01
  3 -0.6763104E-01
  4 -0.7423802E-01
  5 -0.5462631E-01
  6  0.9407506E-02
  7  0.1923992E+00
  8  0.2701620E+00
  9  0.2974993E+00
 10  0.3069390E+00
 11  0.3238468E+00
 12  0.5072328E-01
 13  0.1067981E+00
 14  0.1489750E+00
 15  0.1776401E+00
 16  0.2050740E+00
 17  0.2136687E+00
 18  0.2180787E+00
 19  0.2372076E+00
 20  0.2611167E+00
 21  0.3067781E+00
 22  0.4067117E+00
  1 -0.4730365E-01
  2 -0.1021781E+00
  3 -0.1441472E+00
  4 -0.1723493E+00
  5 -0.2005203E+00
  6 -0.2103972E+00
  7 -0.2184338E+00
  8 -0.2402376E+00
  9 -0.2651318E+00
 10 -0.3095237E+00
 11 -0.4109020E+00
 12 -0.5256824E-02
 13  0.2781380E-01
 14  0.5019218E-01
 15  0.5937028E-01
 16  0.4679117E-01
 17 -0.1000893E-01
 18 -0.1895562E+00
 19 -0.2692084E+00
 20 -0.2978686E+00
 21 -0.3099041E+00
 22 -0.3311954E+00
  1  0.3357813E-02
  2 -0.3454739E-01
  3 -0.6084738E-01
  4 -0.7195066E-01
  5 -0.5973964E-01
  6  0.2509705E-02
  7  0.1980244E+00
  8  0.2815197E+00
  9  0.3100265E+00
 10  0.3166556E+00
 11  0.3269540E+00
 12  0.5251342E-01
 13  0.1108424E+00
 14  0.1544507E+00
 15  0.1823431E+00
 16  0.2068776E+00
 17  0.2065834E+00
 18  0.1900972E+00
 19  0.2066353E+00
 20  0.2357479E+00
 21  0.2995896E+00
 22  0.4275499E+00
  1 -0.5450477E-01
  2 -0.1137418E+00
  3 -0.1572544E+00
  4 -0.1851477E+00
  5 -0.2070883E+00
  6 -0.2031198E+00
  7 -0.1760782E+00
  8 -0.1882381E+00
  9 -0.2180981E+00
 10 -0.2898551E+00
 11 -0.4387423E+00
 12 -0.4249406E-02
 13  0.3236221E-01
 14  0.5544421E-01
 15  0.6427665E-01
 16  0.4713855E-01
 17 -0.1991250E-01
 18 -0.2174923E+00
 19 -0.2937709E+00
 20 -0.3148160E+00
 21 -0.3157027E+00
 22 -0.3273447E+00
  1  0.8369090E-02
  2 -0.2543579E-01
  3 -0.4752887E-01
  4 -0.5621827E-01
  5 -0.3995645E-01
  6  0.2311150E-01
  7  0.2095311E+00
  8  0.2822740E+00
  9  0.3046464E+00
 10  0.3082683E+00
 11  0.3226658E+00
 12  0.3428945E-01
 13  0.9182181E-01
 14  0.1380366E+00
 15  0.1708559E+00
 16  0.2043651E+00
 17  0.2150339E+00
 18  0.2098925E+00
 19  0.2279941E+00
 20  0.2542101E+00
 21  0.3076031E+00
 22  0.4184052E+00
  1 -0.3113397E-01
  2 -0.8402560E-01
  3 -0.1269847E+00
  4 -0.1584726E+00
  5 -0.1933123E+00
  6 -0.2098617E+00
  7 -0.2211018E+00
  8 -0.2435818E+00
  9 -0.2683878E+00
 10 -0.3134346E+00
 11 -0.4155482E+00
 12 -0.2646749E-01
 13 -0.1892599E-02
 14  0.1527082E-01
 15  0.2189491E-01
 16  0.7852118E-02
 17 -0.4668651E-01
 18 -0.2127584E+00
 19 -0.2754020E+00
 20 -0.2949854E+00
 21 -0.3038921E+00
 22 -0.3376555E+00
  1  0.2485589E-01
  2 -0.3020521E-02
  3 -0.2183537E-01
  4 -0.2981323E-01
  5 -0.1631696E-01
  6  0.4118053E-01
  7  0.2179309E+00
  8  0.2874260E+00
  9  0.3105449E+00
 10  0.3208515E+00
 11  0.3359234E+00
 12  0.3334870E-01
 13  0.8732609E-01
 14  0.1306663E+00
 15  0.1613173E+00
 16  0.1914226E+00
 17  0.1997386E+00
 18  0.1923526E+00
 19  0.2134424E+00
 20  0.2457151E+00
 21  0.3096379E+00
 22  0.4318883E+00
  1 -0.3239443E-01
  2 -0.8408782E-01
  3 -0.1275709E+00
  4 -0.1582149E+00
  5 -0.1911586E+00
  6 -0.2036975E+00
  7 -0.2077257E+00
  8 -0.2302033E+00
  9 -0.2584377E+00
 10 -0.3131486E+00
 11 -0.4264082E+00
 12 -0.2715771E-01
 13 -0.3823173E-02
 14  0.1173318E-01
 15  0.1611299E-01
 16 -0.1296363E-02
 17 -0.5991102E-01
 18 -0.2243880E+00
 19 -0.2813987E+00
 20 -0.2965083E+00
 21 -0.3031878E+00
 22 -0.3400060E+00
  1  0.2610533E-01
  2  0.3051368E-02
  3 -0.1242552E-01
  4 -0.1715661E-01
  5  0.2493906E-03
  6  0.5868015E-01
  7  0.2256105E+00
  8  0.2855963E+00
  9  0.3042786E+00
 10  0.3185452E+00
 11  0.3534159E+00
 12  0.3385111E-01
 13  0.8576838E-01
 14  0.1278421E+00
 15  0.1572848E+00
 16  0.1869183E+00
 17  0.1952949E+00
 18  0.1910919E+00
 19  0.2129429E+00
 20  0.2451950E+00
 21  0.3084082E+00
 22  0.4292233E+00
  1 -0.3362826E-01
  2 -0.8679186E-01
  3 -0.1293726E+00
  4 -0.1591511E+00
  5 -0.1896241E+00
  6 -0.1977462E+00
  7 -0.1914131E+00
  8 -0.2127676E+00
  9 -0.2449994E+00
 10 -0.3094781E+00
 11 -0.4376354E+00
 12 -0.2764990E-01
 13 -0.3894990E-02
 14  0.1160194E-01
 15  0.1636500E-01
 16 -0.5276353E-02
 17 -0.6836613E-01
 18 -0.2319633E+00
 19 -0.2867724E+00
 20 -0.3011899E+00
 21 -0.3062474E+00
 22 -0.3442990E+00
  1  0.4074274E-01
  2  0.2446318E-01
  3  0.1329756E-01
  4  0.1025484E-01
  5  0.2588672E-01
  6  0.7689104E-01
  7  0.2263823E+00
  8  0.2803012E+00
  9  0.2985102E+00
 10  0.3171713E+00
 11  0.3659695E+00
 12  0.3136496E-01
 13  0.7992026E-01
 14  0.1188819E+00
 15  0.1467521E+00
 16  0.1757220E+00
 17  0.1854979E+00
 18  0.1888779E+00
 19  0.2142856E+00
 20  0.2502990E+00
 21  0.3132718E+00
 22  0.4320997E+00
  1 -0.3044191E-01
  2 -0.7947940E-01
  3 -0.1193194E+00
  4 -0.1482162E+00
  5 -0.1802634E+00
  6 -0.1939091E+00
  7 -0.2033808E+00
  8 -0.2288528E+00
  9 -0.2584853E+00
 10 -0.3134493E+00
 11 -0.4267018E+00
 12 -0.4041529E-01
 13 -0.2502377E-01
 14 -0.1421425E-01
 15 -0.1138478E-01
 16 -0.2695691E-01
 17 -0.7798773E-01
 18 -0.2247524E+00
 19 -0.2755959E+00
 20 -0.2901647E+00
 21 -0.3020645E+00
 22 -0.3664333E+00
  1  0.4392427E-01
  2  0.3067436E-01
  3  0.2161256E-01
  4  0.2039753E-01
  5  0.3911167E-01
  6  0.9264756E-01
  7  0.2346904E+00
  8  0.2816556E+00
  9  0.2969147E+00
 10  0.3165452E+00
 11  0.3629810E+00
 12  0.3199799E-01
 13  0.7952662E-01
 14  0.1177694E+00
 15  0.1440860E+00
 16  0.1706401E+00
 17  0.1764709E+00
 18  0.1758192E+00
 19  0.2065276E+00
 20  0.2471733E+00
 21  0.3185273E+00
 22  0.4396024E+00
  1 -0.1855577E-01
  2 -0.6613330E-01
  3 -0.1073832E+00
  4 -0.1381203E+00
  5 -0.1730359E+00
  6 -0.1877203E+00
  7 -0.1909042E+00
  8 -0.2160078E+00
  9 -0.2487608E+00
 10 -0.3107557E+00
 11 -0.4274769E+00
 12 -0.4524804E-01
 13 -0.3208546E-01
 14 -0.2324811E-01
 15 -0.2161947E-01
 16 -0.3896044E-01
 17 -0.9094329E-01
 18 -0.2296176E+00
 19 -0.2756934E+00
 20 -0.2911454E+00
 21 -0.3095343E+00
 22 -0.3898981E+00
  1  0.5636066E-01
  2  0.4520890E-01
  3  0.3641059E-01
  4  0.3350937E-01
  5  0.4694693E-01
  6  0.9311615E-01
  7  0.2292704E+00
  8  0.2778268E+00
  9  0.2945646E+00
 10  0.3140683E+00
 11  0.3782535E+00
 12  0.1715031E-01
 13  0.6450300E-01
 14  0.1052079E+00
 15  0.1348625E+00
 16  0.1675536E+00
 17  0.1795034E+00
 18  0.1792464E+00
 19  0.2075687E+00
 20  0.2470158E+00
 21  0.3180110E+00
 22  0.4380091E+00
  1 -0.1700296E-01
  2 -0.6094376E-01
  3 -0.9877411E-01
  4 -0.1267128E+00
  5 -0.1593533E+00
  6 -0.1756334E+00
  7 -0.1871747E+00
  8 -0.2167569E+00
  9 -0.2522209E+00
 10 -0.3142212E+00
 11 -0.4298808E+00
 12 -0.5610607E-01
 13 -0.4866109E-01
 14 -0.4340945E-01
 15 -0.4279779E-01
 16 -0.5830558E-01
 17 -0.1014370E+00
 18 -0.2196978E+00
 19 -0.2631196E+00
 20 -0.2822170E+00
 21 -0.3108910E+00
 22 -0.4099493E+00
  1  0.5833083E-01
  2  0.3740721E-01
  3  0.2261638E-01
  4  0.1901811E-01
  5  0.3887797E-01
  6  0.1031566E+00
  7  0.2707305E+00
  8  0.3091367E+00
  9  0.3054645E+00
 10  0.2877876E+00
 11  0.2868811E+00
 12  0.1644659E-01
 13  0.7254816E-01
 14  0.1188817E+00
 15  0.1498416E+00
 16  0.1767315E+00
 17  0.1707190E+00
 18  0.1358185E+00
 19  0.1759915E+00
 20  0.2379853E+00
 21  0.3442500E+00
 22  0.4773027E+00
  1 -0.1444516E-01
  2 -0.6659351E-01
  3 -0.1093434E+00
  4 -0.1392827E+00
  5 -0.1662900E+00
  6 -0.1638087E+00
  7 -0.1397208E+00
  8 -0.1802339E+00
  9 -0.2415700E+00
 10 -0.3439541E+00
 11 -0.4777688E+00
 12 -0.7118529E-01
 13 -0.5968056E-01
 14 -0.5091404E-01
 15 -0.4948174E-01
 16 -0.6670304E-01
 17 -0.1204353E+00
 18 -0.2604089E+00
 19 -0.2943544E+00
 20 -0.2943123E+00
 21 -0.2863420E+00
 22 -0.3112766E+00
  1  0.7369384E-01
  2  0.5578099E-01
  3  0.4205507E-01
  4  0.3567718E-01
  5  0.4965376E-01
  6  0.1050588E+00
  7  0.2662327E+00
  8  0.3071180E+00
  9  0.3053634E+00
 10  0.2888292E+00
 11  0.2891866E+00
 12  0.1237979E-01
 13  0.6725562E-01
 14  0.1117569E+00
 15  0.1405688E+00
 16  0.1639312E+00
 17  0.1540348E+00
 18  0.1208549E+00
 19  0.1706247E+00
 20  0.2414314E+00
 21  0.3534761E+00
 22  0.4847009E+00
  1 -0.1552253E-01
  2 -0.6118197E-01
  3 -0.9977265E-01
  4 -0.1267889E+00
  5 -0.1532793E+00
  6 -0.1573676E+00
  7 -0.1508318E+00
  8 -0.1904814E+00
  9 -0.2419439E+00
 10 -0.3250859E+00
 11 -0.4424604E+00
 12 -0.6098561E-01
 13 -0.5173591E-01
 14 -0.4460754E-01
 15 -0.4353811E-01
 16 -0.5939374E-01
 17 -0.1057054E+00
 18 -0.2324978E+00
 19 -0.2715794E+00
 20 -0.2833326E+00
 21 -0.3132030E+00
 22 -0.4141713E+00
  1  0.5937594E-01
  2  0.4935572E-01
  3  0.4178465E-01
  4  0.4013058E-01
  5  0.5590453E-01
  6  0.1030418E+00
  7  0.2344334E+00
  8  0.2808999E+00
  9  0.2997477E+00
 10  0.3211050E+00
 11  0.3809459E+00
 12  0.1476590E-01
 13  0.5959956E-01
 14  0.9593219E-01
 15  0.1215950E+00
 16  0.1454370E+00
 17  0.1458594E+00
 18  0.1401092E+00
 19  0.1877079E+00
 20  0.2457386E+00
 21  0.3354023E+00
 22  0.4550452E+00
  1 -0.1572484E-01
  2 -0.5925887E-01
  3 -0.9629042E-01
  4 -0.1231176E+00
  5 -0.1510690E+00
  6 -0.1594450E+00
  7 -0.1626462E+00
  8 -0.2013187E+00
  9 -0.2474304E+00
 10 -0.3213805E+00
 11 -0.4351530E+00
 12 -0.5663592E-01
 13 -0.4870566E-01
 14 -0.4224193E-01
 15 -0.4184785E-01
 16 -0.5696863E-01
 17 -0.1010680E+00
 18 -0.2220310E+00
 19 -0.2664340E+00
 20 -0.2870139E+00
 21 -0.3205148E+00
 22 -0.4180327E+00
  1  0.5816667E-01
  2  0.4839029E-01
  3  0.4073375E-01
  4  0.3934609E-01
  5  0.5454062E-01
  6  0.1009889E+00
  7  0.2304701E+00
  8  0.2755551E+00
  9  0.2947000E+00
 10  0.3255946E+00
 11  0.4104022E+00
 12  0.1484587E-01
 13  0.5860598E-01
 14  0.9460495E-01
 15  0.1195270E+00
 16  0.1428139E+00
 17  0.1434624E+00
 18  0.1375841E+00
 19  0.1841648E+00
 20  0.2411495E+00
 21  0.3288650E+00
 22  0.4478133E+00
  1 -0.1661712E-01
  2 -0.6038136E-01
  3 -0.9713312E-01
  4 -0.1242125E+00
  5 -0.1523720E+00
  6 -0.1614705E+00
  7 -0.1739640E+00
  8 -0.2118732E+00
  9 -0.2543897E+00
 10 -0.3230989E+00
 11 -0.4332543E+00
 12 -0.6228681E-01
 13 -0.5759249E-01
 14 -0.5437159E-01
 15 -0.5596109E-01
 16 -0.7303926E-01
 17 -0.1165262E+00
 18 -0.2250760E+00
 19 -0.2570270E+00
 20 -0.2715742E+00
 21 -0.3078714E+00
 22 -0.4153282E+00
  1  0.6121192E-01
  2  0.5581427E-01
  3  0.5178173E-01
  4  0.5344103E-01
  5  0.7126351E-01
  6  0.1168180E+00
  7  0.2337615E+00
  8  0.2734225E+00
  9  0.2916449E+00
 10  0.3161707E+00
 11  0.3780833E+00
 12  0.1010448E-01
 13  0.5209244E-01
 14  0.8899345E-01
 15  0.1169865E+00
 16  0.1470653E+00
 17  0.1531604E+00
 18  0.1591794E+00
 19  0.2063865E+00
 20  0.2574576E+00
 21  0.3336560E+00
 22  0.4432286E+00
  1 -0.2242596E-02
  2 -0.4358423E-01
  3 -0.8024444E-01
  4 -0.1086444E+00
  5 -0.1415826E+00
  6 -0.1586388E+00
  7 -0.1737607E+00
  8 -0.2116232E+00
  9 -0.2563287E+00
 10 -0.3238371E+00
 11 -0.4322168E+00
 12 -0.7129586E-01
 13 -0.6892245E-01
 14 -0.6591053E-01
 15 -0.6644625E-01
 16 -0.7919479E-01
 17 -0.1154096E+00
 18 -0.2162984E+00
 19 -0.2569797E+00
 20 -0.2782906E+00
 21 -0.3149945E+00
 22 -0.4178548E+00
  1  0.9258835E-01
  2  0.8237780E-01
  3  0.7382262E-01
  4  0.7247000E-01
  5  0.9126503E-01
  6  0.1456383E+00
  7  0.2697372E+00
  8  0.2789663E+00
  9  0.2598050E+00
 10  0.2303990E+00
 11  0.2504539E+00
 12 -0.8647960E-02
 13  0.4597433E-01
 14  0.9282762E-01
 15  0.1262231E+00
 16  0.1578753E+00
 17  0.1573479E+00
 18  0.1407503E+00
 19  0.2019550E+00
 20  0.2773158E+00
 21  0.3854324E+00
 22  0.4980268E+00
  1  0.6924929E-02
  2 -0.4572211E-01
  3 -0.9154599E-01
  4 -0.1247690E+00
  5 -0.1636078E+00
  6 -0.1735072E+00
  7 -0.1676740E+00
  8 -0.2182162E+00
  9 -0.2825204E+00
 10 -0.3748899E+00
 11 -0.4842917E+00
 12 -0.8140608E-01
 13 -0.6757935E-01
 14 -0.5603781E-01
 15 -0.5267942E-01
 16 -0.6693635E-01
 17 -0.1191162E+00
 18 -0.2528594E+00
 19 -0.2727969E+00
 20 -0.2607696E+00
 21 -0.2435382E+00
 22 -0.2914854E+00
  1  0.7114048E-01
  2  0.5791625E-01
  3  0.4711426E-01
  4  0.4333590E-01
  5  0.5856445E-01
  6  0.1105274E+00
  7  0.2492348E+00
  8  0.2849713E+00
  9  0.2881995E+00
 10  0.2872230E+00
 11  0.3451520E+00
 12 -0.3953197E-02
 13  0.4464511E-01
 14  0.8624109E-01
 15  0.1164509E+00
 16  0.1455689E+00
 17  0.1466393E+00
 18  0.1351891E+00
 19  0.1922183E+00
 20  0.2604333E+00
 21  0.3598048E+00
 22  0.4749934E+00
  1  0.8776621E-02
  2 -0.4575353E-01
  3 -0.9310462E-01
  4 -0.1262017E+00
  5 -0.1570216E+00
  6 -0.1557664E+00
  7 -0.1410213E+00
  8 -0.2036781E+00
  9 -0.2748685E+00
 10 -0.3782232E+00
 11 -0.4895509E+00
 12 -0.8557826E-01
 13 -0.6978629E-01
 14 -0.5640058E-01
 15 -0.5131024E-01
 16 -0.6422959E-01
 17 -0.1161699E+00
 18 -0.2480028E+00
 19 -0.2675157E+00
 20 -0.2580495E+00
 21 -0.2439047E+00
 22 -0.3315122E+00
  1  0.9113183E-01
  2  0.7297104E-01
  3  0.5764122E-01
  4  0.5097371E-01
  5  0.6439071E-01
  6  0.1192283E+00
  7  0.2620060E+00
  8  0.2778387E+00
  9  0.2611316E+00
 10  0.2428069E+00
 11  0.3084764E+00
 12 -0.1455923E-01
 13  0.4225129E-01
 14  0.8976007E-01
 15  0.1208679E+00
 16  0.1450239E+00
 17  0.1306724E+00
 18  0.9857540E-01
 19  0.1724373E+00
 20  0.2638150E+00
 21  0.3921866E+00
 22  0.5179895E+00
  1  0.1253948E-01
  2 -0.4007627E-01
  3 -0.8509883E-01
  4 -0.1162483E+00
  5 -0.1428091E+00
  6 -0.1367488E+00
  7 -0.1210566E+00
  8 -0.1936211E+00
  9 -0.2771972E+00
 10 -0.3886371E+00
 11 -0.4985441E+00
 12 -0.8604926E-01
 13 -0.6864013E-01
 14 -0.5409249E-01
 15 -0.4802202E-01
 16 -0.6059728E-01
 17 -0.1137138E+00
 18 -0.2508663E+00
 19 -0.2680046E+00
 20 -0.2551381E+00
 21 -0.2415255E+00
 22 -0.3430422E+00
  1  0.9116321E-01
  2  0.7195394E-01
  3  0.5419958E-01
  4  0.4636759E-01
  5  0.5723204E-01
  6  0.1110749E+00
  7  0.2498822E+00
  8  0.2628147E+00
  9  0.2471229E+00
 10  0.2382652E+00
 11  0.3497247E+00
 12 -0.1515671E-01
 13  0.4072633E-01
 14  0.8757332E-01
 15  0.1186783E+00
 16  0.1433337E+00
 17  0.1288459E+00
 18  0.9539416E-01
 19  0.1700349E+00
 20  0.2625360E+00
 21  0.3938625E+00
 22  0.5208634E+00
  1  0.1474038E-01
  2 -0.3998453E-01
  3 -0.8572595E-01
  4 -0.1177635E+00
  5 -0.1445652E+00
  6 -0.1371286E+00
  7 -0.1187629E+00
  8 -0.1922521E+00
  9 -0.2770000E+00
 10 -0.3917921E+00
 11 -0.5044685E+00
 12 -0.8989344E-01
 13 -0.7148524E-01
 14 -0.5589436E-01
 15 -0.4786768E-01
 16 -0.5938676E-01
 17 -0.1099654E+00
 18 -0.2381371E+00
 19 -0.2530210E+00
 20 -0.2403590E+00
 21 -0.2359045E+00
 22 -0.3648309E+00
  1  0.9176622E-01
  2  0.7173232E-01
  3  0.5467112E-01
  4  0.4594123E-01
  5  0.5772686E-01
  6  0.1115399E+00
  7  0.2480240E+00
  8  0.2614703E+00
  9  0.2438943E+00
 10  0.2335369E+00
 11  0.3637600E+00
 12 -0.1453136E-01
 13  0.4107530E-01
 14  0.8778048E-01
 15  0.1187973E+00
 16  0.1422246E+00
 17  0.1288170E+00
 18  0.9537552E-01
 19  0.1695547E+00
 20  0.2622952E+00
 21  0.3918374E+00
 22  0.5182796E+00
  1  0.1175468E-01
  2 -0.3853298E-01
  3 -0.8105329E-01
  4 -0.1111970E+00
  5 -0.1363022E+00
  6 -0.1311770E+00
  7 -0.1174263E+00
  8 -0.1871492E+00
  9 -0.2663366E+00
 10 -0.3732858E+00
 11 -0.4835330E+00
 12 -0.8018544E-01
 13 -0.6346948E-01
 14 -0.4962230E-01
 15 -0.4383175E-01
 16 -0.5541285E-01
 17 -0.1058693E+00
 18 -0.2380106E+00
 19 -0.2612403E+00
 20 -0.2585114E+00
 21 -0.2686846E+00
 22 -0.3971471E+00
  1  0.7941069E-01
  2  0.6317849E-01
  3  0.4959811E-01
  4  0.4452465E-01
  5  0.5781731E-01
  6  0.1097556E+00
  7  0.2504074E+00
  8  0.2763789E+00
  9  0.2714781E+00
 10  0.2781676E+00
 11  0.3995230E+00
 12 -0.1103885E-01
 13  0.3977728E-01
 14  0.8229268E-01
 15  0.1119086E+00
 16  0.1342885E+00
 17  0.1235997E+00
 18  0.9748909E-01
 19  0.1645518E+00
 20  0.2471754E+00
 21  0.3639944E+00
 22  0.4853930E+00
  1  0.1156009E-01
  2 -0.3799128E-01
  3 -0.7958293E-01
  4 -0.1084144E+00
  5 -0.1337356E+00
  6 -0.1279721E+00
  7 -0.1144150E+00
  8 -0.1824805E+00
  9 -0.2605740E+00
 10 -0.3644440E+00
 11 -0.4711791E+00
 12 -0.7911805E-01
 13 -0.6355914E-01
 14 -0.4907227E-01
 15 -0.4340369E-01
 16 -0.5613544E-01
 17 -0.1049753E+00
 18 -0.2357224E+00
 19 -0.2592078E+00
 20 -0.2649713E+00
 21 -0.2862509E+00
 22 -0.4162817E+00
  1  0.7505894E-01
  2  0.5980003E-01
  3  0.4690786E-01
  4  0.4167014E-01
  5  0.5457593E-01
  6  0.1044365E+00
  7  0.2391365E+00
  8  0.2689275E+00
  9  0.2698269E+00
 10  0.2861579E+00
 11  0.4168876E+00
 12 -0.1035280E-01
 13  0.3778159E-01
 14  0.7812980E-01
 15  0.1060674E+00
 16  0.1306524E+00
 17  0.1264595E+00
 18  0.1152618E+00
 19  0.1819622E+00
 20  0.2577661E+00
 21  0.3605218E+00
 22  0.4692603E+00
  1  0.1048909E-01
  2 -0.3556821E-01
  3 -0.7482636E-01
  4 -0.1027824E+00
  5 -0.1305776E+00
  6 -0.1310690E+00
  7 -0.1300281E+00
  8 -0.1957726E+00
  9 -0.2650774E+00
 10 -0.3575181E+00
 11 -0.4616674E+00
 12 -0.7466107E-01
 13 -0.5970474E-01
 14 -0.4646828E-01
 15 -0.4099591E-01
 16 -0.5219976E-01
 17 -0.9893608E-01
 18 -0.2277804E+00
 19 -0.2619101E+00
 20 -0.2693883E+00
 21 -0.2926626E+00
 22 -0.4214042E+00
  1  0.7892103E-01
  2  0.6306183E-01
  3  0.4944313E-01
  4  0.4450641E-01
  5  0.5765042E-01
  6  0.1095667E+00
  7  0.2405131E+00
  8  0.2615701E+00
  9  0.2595432E+00
 10  0.2761334E+00
 11  0.4140340E+00
 12 -0.1813769E-01
 13  0.2902221E-01
 14  0.7117418E-01
 15  0.1029543E+00
 16  0.1349812E+00
 17  0.1328072E+00
 18  0.1207740E+00
 19  0.1908421E+00
 20  0.2667916E+00
 21  0.3686399E+00
 22  0.4668663E+00
  1  0.9762069E-02
  2 -0.3699175E-01
  3 -0.7632829E-01
  4 -0.1045948E+00
  5 -0.1311533E+00
  6 -0.1329173E+00
  7 -0.1336917E+00
  8 -0.1986316E+00
  9 -0.2671683E+00
 10 -0.3562273E+00
 11 -0.4563649E+00
 12 -0.7278313E-01
 13 -0.5866707E-01
 14 -0.4619451E-01
 15 -0.4091550E-01
 16 -0.5286748E-01
 17 -0.1005764E+00
 18 -0.2310586E+00
 19 -0.2638685E+00
 20 -0.2715267E+00
 21 -0.2937355E+00
 22 -0.4177899E+00
  1  0.8213408E-01
  2  0.6538959E-01
  3  0.5129730E-01
  4  0.4568117E-01
  5  0.5884321E-01
  6  0.1080376E+00
  7  0.2354025E+00
  8  0.2578918E+00
  9  0.2564074E+00
 10  0.2732013E+00
 11  0.4170881E+00
 12 -0.2699207E-01
 13  0.2218743E-01
 14  0.6627531E-01
 15  0.9889340E-01
 16  0.1324665E+00
 17  0.1352622E+00
 18  0.1241685E+00
 19  0.1891127E+00
 20  0.2657939E+00
 21  0.3695810E+00
 22  0.4724428E+00
  1  0.9950825E-02
  2 -0.3812469E-01
  3 -0.7902916E-01
  4 -0.1087473E+00
  5 -0.1363885E+00
  6 -0.1372435E+00
  7 -0.1360931E+00
  8 -0.2013128E+00
  9 -0.2703241E+00
 10 -0.3603246E+00
 11 -0.4583557E+00
 12 -0.7542574E-01
 13 -0.6113737E-01
 14 -0.4770846E-01
 15 -0.4243984E-01
 16 -0.5330383E-01
 17 -0.9926653E-01
 18 -0.2238376E+00
 19 -0.2579471E+00
 20 -0.2656552E+00
 21 -0.2887530E+00
 22 -0.4172542E+00
  1  0.7707594E-01
  2  0.6137650E-01
  3  0.4868739E-01
  4  0.4465652E-01
  5  0.5899525E-01
  6  0.1113687E+00
  7  0.2434043E+00
  8  0.2671981E+00
  9  0.2661496E+00
 10  0.2821986E+00
 11  0.4173565E+00
 12 -0.2232593E-01
 13  0.2405944E-01
 14  0.6610636E-01
 15  0.9773826E-01
 16  0.1297057E+00
 17  0.1320170E+00
 18  0.1235778E+00
 19  0.1884306E+00
 20  0.2615083E+00
 21  0.3618142E+00
 22  0.4641332E+00
  1  0.9898033E-02
  2 -0.3824650E-01
  3 -0.8008285E-01
  4 -0.1098944E+00
  5 -0.1379990E+00
  6 -0.1387350E+00
  7 -0.1367617E+00
  8 -0.2027155E+00
  9 -0.2730132E+00
 10 -0.3638159E+00
 11 -0.4617441E+00
 12 -0.7662395E-01
 13 -0.6196205E-01
 14 -0.4837483E-01
 15 -0.4354773E-01
 16 -0.5465141E-01
 17 -0.1010484E+00
 18 -0.2254060E+00
 19 -0.2512348E+00
 20 -0.2555743E+00
 21 -0.2795472E+00
 22 -0.4209734E+00
  1  0.7614251E-01
  2  0.6227061E-01
  3  0.5045431E-01
  4  0.4651854E-01
  5  0.5952232E-01
  6  0.1074218E+00
  7  0.2377564E+00
  8  0.2711362E+00
  9  0.2791517E+00
 10  0.2952411E+00
 11  0.4201107E+00
 12 -0.2019612E-01
 13  0.2656532E-01
 14  0.6869828E-01
 15  0.1003284E+00
 16  0.1326377E+00
 17  0.1325567E+00
 18  0.1260975E+00
 19  0.1881253E+00
 20  0.2588926E+00
 21  0.3552537E+00
 22  0.4509087E+00
  1  0.9870945E-02
  2 -0.3800609E-01
  3 -0.7994965E-01
  4 -0.1097898E+00
  5 -0.1379704E+00
  6 -0.1384751E+00
  7 -0.1360654E+00
  8 -0.2022884E+00
  9 -0.2717352E+00
 10 -0.3622741E+00
 11 -0.4600151E+00
 12 -0.7700337E-01
 13 -0.6199463E-01
 14 -0.4912739E-01
 15 -0.4331667E-01
 16 -0.5457891E-01
 17 -0.1016603E+00
 18 -0.2270226E+00
 19 -0.2526571E+00
 20 -0.2557079E+00
 21 -0.2794964E+00
 22 -0.4235731E+00
  1  0.7720822E-01
  2  0.6218151E-01
  3  0.4957759E-01
  4  0.4500225E-01
  5  0.5592535E-01
  6  0.1044038E+00
  7  0.2370061E+00
  8  0.2674121E+00
  9  0.2738469E+00
 10  0.2921940E+00
 11  0.4238575E+00
 12 -0.2485978E-01
 13  0.2155766E-01
 14  0.6125637E-01
 15  0.9019686E-01
 16  0.1196137E+00
 17  0.1250409E+00
 18  0.1311642E+00
 19  0.2018231E+00
 20  0.2728897E+00
 21  0.3595646E+00
 22  0.4464868E+00
  1  0.2166489E-01
  2 -0.2521940E-01
  3 -0.6579883E-01
  4 -0.9693765E-01
  5 -0.1262302E+00
  6 -0.1278100E+00
  7 -0.1263301E+00
  8 -0.1932900E+00
  9 -0.2697381E+00
 10 -0.3609705E+00
 11 -0.4628188E+00
 12 -0.8002638E-01
 13 -0.6261072E-01
 14 -0.4750288E-01
 15 -0.3994181E-01
 16 -0.4866392E-01
 17 -0.9450612E-01
 18 -0.2217737E+00
 19 -0.2502050E+00
 20 -0.2603831E+00
 21 -0.2925640E+00
 22 -0.4377944E+00
  1  0.7862626E-01
  2  0.6294085E-01
  3  0.4960408E-01
  4  0.4424436E-01
  5  0.5547800E-01
  6  0.1057306E+00
  7  0.2372454E+00
  8  0.2599813E+00
  9  0.2628303E+00
 10  0.2859832E+00
 11  0.4290558E+00
 12 -0.2139257E-01
 13  0.2167051E-01
 14  0.6090258E-01
 15  0.9028609E-01
 16  0.1206980E+00
 17  0.1224815E+00
 18  0.1278366E+00
 19  0.2037112E+00
 20  0.2753795E+00
 21  0.3639424E+00
 22  0.4515139E+00
  1  0.1836323E-01
  2 -0.2694215E-01
  3 -0.6599988E-01
  4 -0.9550732E-01
  5 -0.1275094E+00
  6 -0.1337305E+00
  7 -0.1433559E+00
  8 -0.2079871E+00
  9 -0.2740532E+00
 10 -0.3518198E+00
 11 -0.4506430E+00
 12 -0.7545745E-01
 13 -0.5973015E-01
 14 -0.4579547E-01
 15 -0.3987014E-01
 16 -0.4855062E-01
 17 -0.9329966E-01
 18 -0.2191975E+00
 19 -0.2538046E+00
 20 -0.2636904E+00
 21 -0.2962930E+00
 22 -0.4378916E+00
  1  0.7796392E-01
  2  0.6207490E-01
  3  0.4826428E-01
  4  0.4248516E-01
  5  0.5511551E-01
  6  0.1050820E+00
  7  0.2306378E+00
  8  0.2558091E+00
  9  0.2595380E+00
 10  0.2866044E+00
 11  0.4314536E+00
 12 -0.1913361E-01
 13  0.2486569E-01
 14  0.6468937E-01
 15  0.9470407E-01
 16  0.1246341E+00
 17  0.1221513E+00
 18  0.1280057E+00
 19  0.2056592E+00
 20  0.2819021E+00
 21  0.3699995E+00
 22  0.4448881E+00
  1  0.1694032E-01
  2 -0.2799606E-01
  3 -0.6675816E-01
  4 -0.9410134E-01
  5 -0.1210943E+00
  6 -0.1247262E+00
  7 -0.1411477E+00
  8 -0.2109368E+00
  9 -0.2771112E+00
 10 -0.3554051E+00
 11 -0.4452822E+00
 12 -0.7399607E-01
 13 -0.5898845E-01
 14 -0.4561520E-01
 15 -0.3971765E-01
 16 -0.5064368E-01
 17 -0.9617240E-01
 18 -0.2257239E+00
 19 -0.2593364E+00
 20 -0.2695361E+00
 21 -0.2984444E+00
 22 -0.4304042E+00
  1  0.7925486E-01
  2  0.6263767E-01
  3  0.4915499E-01
  4  0.4362548E-01
  5  0.5617305E-01
  6  0.1042212E+00
  7  0.2294059E+00
  8  0.2552453E+00
  9  0.2588569E+00
 10  0.2858127E+00
 11  0.4335305E+00
 12 -0.1920303E-01
 13  0.2543388E-01
 14  0.6600595E-01
 15  0.9631573E-01
 16  0.1268307E+00
 17  0.1244547E+00
 18  0.1300177E+00
 19  0.2082515E+00
 20  0.2835179E+00
 21  0.3713461E+00
 22  0.4384732E+00
  1  0.1514707E-01
  2 -0.3045541E-01
  3 -0.6918831E-01
  4 -0.9752968E-01
  5 -0.1246331E+00
  6 -0.1286302E+00
  7 -0.1430406E+00
  8 -0.2131748E+00
  9 -0.2773112E+00
 10 -0.3541798E+00
 11 -0.4449707E+00
 12 -0.7456715E-01
 13 -0.5884472E-01
 14 -0.4552837E-01
 15 -0.3954365E-01
 16 -0.4972597E-01
 17 -0.9636150E-01
 18 -0.2252489E+00
 19 -0.2580712E+00
 20 -0.2675996E+00
 21 -0.2967212E+00
 22 -0.4298933E+00
  1  0.1048897E+00
  2  0.7971564E-01
  3  0.5572042E-01
  4  0.4350702E-01
  5  0.4993580E-01
  6  0.9524650E-01
  7  0.2161051E+00
  8  0.2191648E+00
  9  0.2064683E+00
 10  0.2331497E+00
 11  0.4447843E+00
 12 -0.4561345E-01
 13  0.1352750E-01
 14  0.6802401E-01
 15  0.1078786E+00
 16  0.1480360E+00
 17  0.1525258E+00
 18  0.1502905E+00
 19  0.2329758E+00
 20  0.3163374E+00
 21  0.4015671E+00
 22  0.4178839E+00
  1  0.4294965E-01
  2 -0.1310493E-01
  3 -0.6348840E-01
  4 -0.1024506E+00
  5 -0.1404282E+00
  6 -0.1442029E+00
  7 -0.1425982E+00
  8 -0.2242426E+00
  9 -0.3045316E+00
 10 -0.3900783E+00
 11 -0.4229379E+00
 12 -0.9917441E-01
 13 -0.7578491E-01
 14 -0.5320990E-01
 15 -0.4152731E-01
 16 -0.4770900E-01
 17 -0.9738130E-01
 18 -0.2304182E+00
 19 -0.2420765E+00
 20 -0.2326976E+00
 21 -0.2510968E+00
 22 -0.4333137E+00
  1  0.9091622E-01
  2  0.6957716E-01
  3  0.5035086E-01
  4  0.4060428E-01
  5  0.4818805E-01
  6  0.9774940E-01
  7  0.2347353E+00
  8  0.2579481E+00
  9  0.2581427E+00
 10  0.2843578E+00
 11  0.4432555E+00
 12 -0.3840810E-01
 13  0.1316039E-01
 14  0.6009745E-01
 15  0.9475259E-01
 16  0.1303362E+00
 17  0.1350511E+00
 18  0.1364466E+00
 19  0.2137299E+00
 20  0.2905349E+00
 21  0.3757133E+00
 22  0.4072938E+00
  1  0.3901011E-01
  2 -0.1184920E-01
  3 -0.5881251E-01
  4 -0.9345420E-01
  5 -0.1287462E+00
  6 -0.1324143E+00
  7 -0.1308970E+00
  8 -0.2047878E+00
  9 -0.2787898E+00
 10 -0.3622344E+00
 11 -0.4159060E+00
 12 -0.9125888E-01
 13 -0.6967243E-01
 14 -0.4881961E-01
 15 -0.3802083E-01
 16 -0.4375646E-01
 17 -0.8896907E-01
 18 -0.2330992E+00
 19 -0.2675186E+00
 20 -0.2729152E+00
 21 -0.2980975E+00
 22 -0.4415440E+00
  1  0.1244589E+00
  2  0.9002030E-01
  3  0.5779237E-01
  4  0.3813349E-01
  5  0.3827560E-01
  6  0.9064402E-01
  7  0.2311537E+00
  8  0.2279167E+00
  9  0.2071683E+00
 10  0.2306800E+00
 11  0.4704157E+00
 12 -0.5954509E-01
 13  0.1036631E-01
 14  0.7230362E-01
 15  0.1167216E+00
 16  0.1574605E+00
 17  0.1495970E+00
 18  0.1155532E+00
 19  0.2078867E+00
 20  0.3064969E+00
 21  0.4080520E+00
 22  0.3904301E+00
  1  0.4561357E-01
  2 -0.1500652E-01
  3 -0.6982701E-01
  4 -0.1099380E+00
  5 -0.1515796E+00
  6 -0.1545692E+00
  7 -0.1479895E+00
  8 -0.2288446E+00
  9 -0.3089556E+00
 10 -0.3853720E+00
 11 -0.3757310E+00
 12 -0.1053720E+00
 13 -0.7880221E-01
 14 -0.5468341E-01
 15 -0.4202349E-01
 16 -0.4774151E-01
 17 -0.9989554E-01
 18 -0.2398107E+00
 19 -0.2507571E+00
 20 -0.2393015E+00
 21 -0.2558812E+00
 22 -0.4438446E+00
  1  0.1181124E+00
  2  0.7523075E-01
  3  0.3945108E-01
  4  0.2116877E-01
  5  0.3048436E-01
  6  0.9661964E-01
  7  0.2426248E+00
  8  0.2403447E+00
  9  0.2121695E+00
 10  0.2284292E+00
 11  0.4663484E+00
 12 -0.6199871E-01
 13  0.1077751E-01
 14  0.7677989E-01
 15  0.1229010E+00
 16  0.1659280E+00
 17  0.1572146E+00
 18  0.1202886E+00
 19  0.2121363E+00
 20  0.3125062E+00
 21  0.4140972E+00
 22  0.3619333E+00
  1  0.4484976E-01
  2 -0.1412177E-01
  3 -0.6942178E-01
  4 -0.1091145E+00
  5 -0.1502214E+00
  6 -0.1536140E+00
  7 -0.1477045E+00
  8 -0.2272619E+00
  9 -0.3065891E+00
 10 -0.3830944E+00
 11 -0.3852773E+00
 12 -0.1045121E+00
 13 -0.7835411E-01
 14 -0.5456700E-01
 15 -0.4127553E-01
 16 -0.4705203E-01
 17 -0.9921242E-01
 18 -0.2385101E+00
 19 -0.2490219E+00
 20 -0.2376895E+00
 21 -0.2548990E+00
 22 -0.4450499E+00
  1  0.1133551E+00
  2  0.7750585E-01
  3  0.4825017E-01
  4  0.3580473E-01
  5  0.5165450E-01
  6  0.1066985E+00
  7  0.2465687E+00
  8  0.2437948E+00
  9  0.2240364E+00
 10  0.2420370E+00
 11  0.4490889E+00
 12 -0.5107227E-01
 13  0.1603147E-01
 14  0.7587785E-01
 15  0.1194888E+00
 16  0.1582417E+00
 17  0.1492785E+00
 18  0.1311629E+00
 19  0.2202761E+00
 20  0.3159531E+00
 21  0.4079107E+00
 22  0.3614220E+00
  1  0.4360682E-01
  2 -0.1449593E-01
  3 -0.6703585E-01
  4 -0.1059068E+00
  5 -0.1455889E+00
  6 -0.1487149E+00
  7 -0.1426258E+00
  8 -0.2201421E+00
  9 -0.2967124E+00
 10 -0.3741817E+00
 11 -0.3814641E+00
 12 -0.1015780E+00
 13 -0.7640433E-01
 14 -0.5435035E-01
 15 -0.4175881E-01
 16 -0.4781653E-01
 17 -0.9904405E-01
 18 -0.2351110E+00
 19 -0.2493751E+00
 20 -0.2508379E+00
 21 -0.2777656E+00
 22 -0.4538811E+00
  1  0.1016207E+00
  2  0.6903694E-01
  3  0.4382121E-01
  4  0.3261385E-01
  5  0.4728658E-01
  6  0.1043717E+00
  7  0.2596822E+00
  8  0.2793360E+00
  9  0.2731364E+00
 10  0.2926934E+00
 11  0.4458239E+00
 12 -0.4702284E-01
 13  0.1340410E-01
 14  0.6666326E-01
 15  0.1032700E+00
 16  0.1313067E+00
 17  0.1233477E+00
 18  0.1129850E+00
 19  0.2002736E+00
 20  0.2897188E+00
 21  0.3807698E+00
 22  0.3640673E+00
  1  0.4341199E-01
  2 -0.1367532E-01
  3 -0.6541818E-01
  4 -0.1044532E+00
  5 -0.1427914E+00
  6 -0.1459209E+00
  7 -0.1392357E+00
  8 -0.2184411E+00
  9 -0.2949402E+00
 10 -0.3720458E+00
 11 -0.3824890E+00
 12 -0.1008446E+00
 13 -0.7641505E-01
 14 -0.5378358E-01
 15 -0.4171968E-01
 16 -0.4742810E-01
 17 -0.9805416E-01
 18 -0.2335350E+00
 19 -0.2521659E+00
 20 -0.2565802E+00
 21 -0.2822137E+00
 22 -0.4540231E+00
  1  0.1039764E+00
  2  0.7282244E-01
  3  0.4755178E-01
  4  0.3654831E-01
  5  0.4816621E-01
  6  0.1048485E+00
  7  0.2601259E+00
  8  0.2748226E+00
  9  0.2688501E+00
 10  0.2927300E+00
 11  0.4485757E+00
 12 -0.4615116E-01
 13  0.1245365E-01
 14  0.6534035E-01
 15  0.9956640E-01
 16  0.1280182E+00
 17  0.1196508E+00
 18  0.1096152E+00
 19  0.1982178E+00
 20  0.2871474E+00
 21  0.3839489E+00
 22  0.3691102E+00
  1  0.5076994E-01
  2 -0.7354938E-02
  3 -0.6092962E-01
  4 -0.9962685E-01
  5 -0.1389027E+00
  6 -0.1419035E+00
  7 -0.1358798E+00
  8 -0.2151841E+00
  9 -0.2936536E+00
 10 -0.3719398E+00
 11 -0.3949248E+00
 12 -0.1000885E+00
 13 -0.7468772E-01
 14 -0.5069089E-01
 15 -0.3717943E-01
 16 -0.4238734E-01
 17 -0.9316676E-01
 18 -0.2312442E+00
 19 -0.2503493E+00
 20 -0.2548521E+00
 21 -0.2814513E+00
 22 -0.4567904E+00
  1  0.1027672E+00
  2  0.7070013E-01
  3  0.4517915E-01
  4  0.3414351E-01
  5  0.4907213E-01
  6  0.1071068E+00
  7  0.2582661E+00
  8  0.2716615E+00
  9  0.2637689E+00
 10  0.2862602E+00
 11  0.4535681E+00
 12 -0.4771225E-01
 13  0.1175891E-01
 14  0.6293751E-01
 15  0.9628443E-01
 16  0.1255051E+00
 17  0.1182624E+00
 18  0.1094266E+00
 19  0.2018913E+00
 20  0.2902598E+00
 21  0.3848177E+00
 22  0.3730355E+00
  1  0.5377767E-01
  2  0.5178710E-04
  3 -0.5093585E-01
  4 -0.9040734E-01
  5 -0.1303222E+00
  6 -0.1346853E+00
  7 -0.1276358E+00
  8 -0.2119322E+00
  9 -0.2943546E+00
 10 -0.3696402E+00
 11 -0.4015540E+00
 12 -0.1026000E+00
 13 -0.7639568E-01
 14 -0.5184860E-01
 15 -0.3830627E-01
 16 -0.4336846E-01
 17 -0.9350809E-01
 18 -0.2289961E+00
 19 -0.2520414E+00
 20 -0.2564724E+00
 21 -0.2830845E+00
 22 -0.4609376E+00
  1  0.9236310E-01
  2  0.6124512E-01
  3  0.3662686E-01
  4  0.2590632E-01
  5  0.4153796E-01
  6  0.1097485E+00
  7  0.2553047E+00
  8  0.2668873E+00
  9  0.2547994E+00
 10  0.2795234E+00
 11  0.4597381E+00
 12 -0.4658778E-01
 13  0.1197556E-01
 14  0.6222603E-01
 15  0.9650467E-01
 16  0.1249243E+00
 17  0.1174173E+00
 18  0.1078891E+00
 19  0.2018507E+00
 20  0.2957825E+00
 21  0.3904146E+00
 22  0.3793737E+00
  1  0.5428944E-01
  2  0.9284214E-03
  3 -0.4725996E-01
  4 -0.8186355E-01
  5 -0.1195177E+00
  6 -0.1204726E+00
  7 -0.1149949E+00
  8 -0.2087091E+00
  9 -0.2934972E+00
 10 -0.3701417E+00
 11 -0.4077129E+00
 12 -0.9671166E-01
 13 -0.6931660E-01
 14 -0.4482617E-01
 15 -0.3027317E-01
 16 -0.3505785E-01
 17 -0.8707929E-01
 18 -0.2332725E+00
 19 -0.2612412E+00
 20 -0.2628129E+00
 21 -0.2853835E+00
 22 -0.4626954E+00
  1  0.9050298E-01
  2  0.5719503E-01
  3  0.3177959E-01
  4  0.2076509E-01
  5  0.3708249E-01
  6  0.1074008E+00
  7  0.2530621E+00
  8  0.2568538E+00
  9  0.2445068E+00
 10  0.2698707E+00
 11  0.4590508E+00
 12 -0.4872207E-01
 13  0.8617206E-02
 14  0.5718472E-01
 15  0.9291401E-01
 16  0.1218327E+00
 17  0.1114432E+00
 18  0.9940869E-01
 19  0.2002530E+00
 20  0.2998231E+00
 21  0.4039439E+00
 22  0.3951825E+00
  1  0.5532239E-01
  2  0.1175225E-02
  3 -0.4840459E-01
  4 -0.8291681E-01
  5 -0.1179766E+00
  6 -0.1180333E+00
  7 -0.1097133E+00
  8 -0.2017147E+00
  9 -0.2892489E+00
 10 -0.3716549E+00
 11 -0.4063408E+00
 12 -0.8927704E-01
 13 -0.6169598E-01
 14 -0.3575088E-01
 15 -0.2172497E-01
 16 -0.2657611E-01
 17 -0.8523387E-01
 18 -0.2442098E+00
 19 -0.2673036E+00
 20 -0.2654707E+00
 21 -0.2883976E+00
 22 -0.4626047E+00
  1  0.1084844E+00
  2  0.6055975E-01
  3  0.2135368E-01
  4  0.1729883E-02
  5  0.1334086E-01
  6  0.9254182E-01
  7  0.2584076E+00
  8  0.2409427E+00
  9  0.2068756E+00
 10  0.2206224E+00
 11  0.4718244E+00
 12 -0.7879964E-01
 13 -0.6868789E-02
 14  0.5669403E-01
 15  0.1003240E+00
 16  0.1352446E+00
 17  0.1174429E+00
 18  0.8712152E-01
 19  0.2045552E+00
 20  0.3215876E+00
 21  0.4316819E+00
 22  0.3816076E+00
  1  0.5519384E-01
  2  0.6184937E-03
  3 -0.4950638E-01
  4 -0.8531515E-01
  5 -0.1179709E+00
  6 -0.1158028E+00
  7 -0.1167575E+00
  8 -0.2106206E+00
  9 -0.2955022E+00
 10 -0.3731500E+00
 11 -0.3883132E+00
 12 -0.8267982E-01
 13 -0.4956353E-01
 14 -0.2294813E-01
 15 -0.1045053E-01
 16 -0.2456832E-01
 17 -0.9226312E-01
 18 -0.2550379E+00
 19 -0.2776566E+00
 20 -0.2736902E+00
 21 -0.2908197E+00
 22 -0.4515407E+00
  1  0.9877417E-01
  2  0.5436742E-01
  3  0.1913485E-01
  4  0.9119803E-03
  5  0.1244979E-01
  6  0.8587676E-01
  7  0.2560657E+00
  8  0.2581825E+00
  9  0.2409720E+00
 10  0.2562665E+00
 11  0.4885370E+00
 12 -0.7240622E-01
 13 -0.8304042E-02
 14  0.4807559E-01
 15  0.8896410E-01
 16  0.1207119E+00
 17  0.1052919E+00
 18  0.8051782E-01
 19  0.1907168E+00
 20  0.2998407E+00
 21  0.4057225E+00
 22  0.3823457E+00
  1  0.5671688E-01
  2  0.8641125E-04
  3 -0.4994916E-01
  4 -0.8637322E-01
  5 -0.1194722E+00
  6 -0.1155007E+00
  7 -0.1142184E+00
  8 -0.2089355E+00
  9 -0.2963698E+00
 10 -0.3759684E+00
 11 -0.4047641E+00
 12 -0.8566465E-01
 13 -0.5065773E-01
 14 -0.2402233E-01
 15 -0.1094658E-01
 16 -0.2380802E-01
 17 -0.8951859E-01
 18 -0.2537794E+00
 19 -0.2703047E+00
 20 -0.2611106E+00
 21 -0.2807363E+00
 22 -0.4537074E+00
  1  0.9726372E-01
  2  0.5556207E-01
  3  0.2156511E-01
  4  0.5325066E-02
  5  0.1651694E-01
  6  0.8806223E-01
  7  0.2542950E+00
  8  0.2591064E+00
  9  0.2429426E+00
 10  0.2694837E+00
 11  0.4822817E+00
 12 -0.6919376E-01
 13 -0.7191046E-02
 14  0.4767679E-01
 15  0.8593541E-01
 16  0.1168946E+00
 17  0.1019708E+00
 18  0.8466333E-01
 19  0.1957032E+00
 20  0.3000777E+00
 21  0.4017797E+00
 22  0.3839144E+00
  1  0.5636086E-01
  2  0.1086820E-02
  3 -0.4894451E-01
  4 -0.8444389E-01
  5 -0.1173766E+00
  6 -0.1141674E+00
  7 -0.1124073E+00
  8 -0.2074904E+00
  9 -0.2931373E+00
 10 -0.3778956E+00
 11 -0.4213343E+00
 12 -0.8417048E-01
 13 -0.4985019E-01
 14 -0.2236526E-01
 15 -0.1040682E-01
 16 -0.2315816E-01
 17 -0.8751637E-01
 18 -0.2516126E+00
 19 -0.2675355E+00
 20 -0.2582292E+00
 21 -0.2782363E+00
 22 -0.4485355E+00
  1  0.9156589E-01
  2  0.5385791E-01
  3  0.2382793E-01
  4  0.9590062E-02
  5  0.2167361E-01
  6  0.8949357E-01
  7  0.2490993E+00
  8  0.2578769E+00
  9  0.2456368E+00
 10  0.2721781E+00
 11  0.4738042E+00
 12 -0.6278453E-01
 13 -0.3231475E-02
 14  0.5137932E-01
 15  0.9029120E-01
 16  0.1254796E+00
 17  0.1127699E+00
 18  0.9619506E-01
 19  0.2011751E+00
 20  0.3040083E+00
 21  0.3981907E+00
 22  0.3849778E+00
  1  0.5526651E-01
  2  0.7583568E-03
  3 -0.4802036E-01
  4 -0.8337582E-01
  5 -0.1161923E+00
  6 -0.1138805E+00
  7 -0.1157947E+00
  8 -0.2088187E+00
  9 -0.2929328E+00
 10 -0.3763187E+00
 11 -0.4237511E+00
 12 -0.8197603E-01
 13 -0.4851813E-01
 14 -0.2250349E-01
 15 -0.1088092E-01
 16 -0.2388323E-01
 17 -0.9124335E-01
 18 -0.2521353E+00
 19 -0.2682946E+00
 20 -0.2590741E+00
 21 -0.2786176E+00
 22 -0.4453292E+00
  1  0.1034737E+00
  2  0.5846547E-01
  3  0.2052862E-01
  4  0.2135926E-02
  5  0.1343084E-01
  6  0.8974843E-01
  7  0.2699660E+00
  8  0.2573746E+00
  9  0.2251336E+00
 10  0.2389160E+00
 11  0.4780650E+00
 12 -0.7412453E-01
 13 -0.7031854E-02
 14  0.5408375E-01
 15  0.9567276E-01
 16  0.1293378E+00
 17  0.1118460E+00
 18  0.8526123E-01
 19  0.2004430E+00
 20  0.3154929E+00
 21  0.4267193E+00
 22  0.3547482E+00
  1  0.5325482E-01
  2 -0.1341381E-02
  3 -0.5106256E-01
  4 -0.8632886E-01
  5 -0.1188123E+00
  6 -0.1168670E+00
  7 -0.1187823E+00
  8 -0.2116111E+00
  9 -0.2956343E+00
 10 -0.3722598E+00
 11 -0.4114468E+00
 12 -0.8082987E-01
 13 -0.4870013E-01
 14 -0.2269002E-01
 15 -0.1197566E-01
 16 -0.2655400E-01
 17 -0.9362971E-01
 18 -0.2542851E+00
 19 -0.2708154E+00
 20 -0.2619062E+00
 21 -0.2814597E+00
 22 -0.4475740E+00
  1  0.9918822E-01
  2  0.5803453E-01
  3  0.2418276E-01
  4  0.6962013E-02
  5  0.1893668E-01
  6  0.9062494E-01
  7  0.2574962E+00
  8  0.2600312E+00
  9  0.2434330E+00
 10  0.2664772E+00
 11  0.4865260E+00
 12 -0.6733496E-01
 13 -0.1367831E-02
 14  0.5725642E-01
 15  0.9532224E-01
 16  0.1265162E+00
 17  0.1108885E+00
 18  0.8626754E-01
 19  0.1936914E+00
 20  0.3005133E+00
 21  0.4045872E+00
 22  0.3640478E+00
  1  0.5558112E-01
  2  0.1114425E-02
  3 -0.4817720E-01
  4 -0.8394223E-01
  5 -0.1166643E+00
  6 -0.1145389E+00
  7 -0.1157234E+00
  8 -0.2088646E+00
  9 -0.2934809E+00
 10 -0.3731222E+00
 11 -0.4260474E+00
 12 -0.8167669E-01
 13 -0.4749987E-01
 14 -0.2214169E-01
 15 -0.9525999E-02
 16 -0.2450734E-01
 17 -0.9107589E-01
 18 -0.2522004E+00
 19 -0.2678891E+00
 20 -0.2595376E+00
 21 -0.2787097E+00
 22 -0.4451028E+00
  1  0.9168436E-01
  2  0.5327196E-01
  3  0.2179376E-01
  4  0.7127139E-02
  5  0.1824532E-01
  6  0.8590396E-01
  7  0.2455609E+00
  8  0.2516780E+00
  9  0.2387856E+00
 10  0.2698704E+00
 11  0.4796595E+00
 12 -0.6393618E-01
 13 -0.2776709E-02
 14  0.5231108E-01
 15  0.9196052E-01
 16  0.1277854E+00
 17  0.1247287E+00
 18  0.1103874E+00
 19  0.2091914E+00
 20  0.3075489E+00
 21  0.3975990E+00
 22  0.3757145E+00
  1  0.5479428E-01
  2  0.3836434E-03
  3 -0.4803215E-01
  4 -0.8320057E-01
  5 -0.1156401E+00
  6 -0.1139454E+00
  7 -0.1154833E+00
  8 -0.2082016E+00
  9 -0.2925598E+00
 10 -0.3728213E+00
 11 -0.4312585E+00
 12 -0.8131238E-01
 13 -0.4700132E-01
 14 -0.1946907E-01
 15 -0.8526891E-02
 16 -0.2335221E-01
 17 -0.9073999E-01
 18 -0.2520070E+00
 19 -0.2668557E+00
 20 -0.2583788E+00
 21 -0.2779513E+00
 22 -0.4442624E+00
  1  0.8983618E-01
  2  0.5316753E-01
  3  0.2434836E-01
  4  0.1013237E-01
  5  0.2146645E-01
  6  0.8861255E-01
  7  0.2445100E+00
  8  0.2523851E+00
  9  0.2400684E+00
 10  0.2695706E+00
 11  0.4733467E+00
 12 -0.6144802E-01
 13 -0.2063730E-02
 14  0.5063261E-01
 15  0.8891937E-01
 16  0.1236083E+00
 17  0.1201018E+00
 18  0.1234366E+00
 19  0.2262652E+00
 20  0.3147974E+00
 21  0.3932008E+00
 22  0.3717015E+00
  1  0.5268761E-01
  2 -0.1542931E-02
  3 -0.4996188E-01
  4 -0.8610345E-01
  5 -0.1185083E+00
  6 -0.1157627E+00
  7 -0.1180986E+00
  8 -0.2094817E+00
  9 -0.2931832E+00
 10 -0.3694146E+00
 11 -0.4285680E+00
 12 -0.8024561E-01
 13 -0.4814142E-01
 14 -0.2281687E-01
 15 -0.1191393E-01
 16 -0.2617696E-01
 17 -0.9325644E-01
 18 -0.2526342E+00
 19 -0.2676340E+00
 20 -0.2597608E+00
 21 -0.2788806E+00
 22 -0.4432142E+00
  1  0.1129754E+00
  2  0.6331678E-01
  3  0.2257601E-01
  4  0.2861344E-02
  5  0.8603108E-02
  6  0.8079483E-01
  7  0.2456607E+00
  8  0.2380972E+00
  9  0.2106045E+00
 10  0.2399046E+00
 11  0.5192577E+00
 12 -0.8139571E-01
 13 -0.8197752E-02
 14  0.5660693E-01
 15  0.1016063E+00
 16  0.1367770E+00
 17  0.1175202E+00
 18  0.8365618E-01
 19  0.2026500E+00
 20  0.3206041E+00
 21  0.4179375E+00
 22  0.3305568E+00
  1  0.5545317E-01
  2  0.1525281E-02
  3 -0.4765915E-01
  4 -0.8214055E-01
  5 -0.1142787E+00
  6 -0.1105342E+00
  7 -0.1123545E+00
  8 -0.2055643E+00
  9 -0.2904168E+00
 10 -0.3695068E+00
 11 -0.4399178E+00
 12 -0.8194277E-01
 13 -0.4798768E-01
 14 -0.2097512E-01
 15 -0.7612994E-02
 16 -0.2217188E-01
 17 -0.8975355E-01
 18 -0.2515238E+00
 19 -0.2679834E+00
 20 -0.2588317E+00
 21 -0.2772256E+00
 22 -0.4431158E+00
  1  0.9863942E-01
  2  0.5817011E-01
  3  0.2464069E-01
  4  0.8110003E-02
  5  0.2096093E-01
  6  0.9279296E-01
  7  0.2479442E+00
  8  0.2455515E+00
  9  0.2338586E+00
 10  0.2731820E+00
 11  0.4890654E+00
 12 -0.6691357E-01
 13 -0.2550011E-02
 14  0.5639881E-01
 15  0.9834085E-01
 16  0.1349569E+00
 17  0.1234617E+00
 18  0.9807858E-01
 19  0.2025403E+00
 20  0.3057471E+00
 21  0.4069768E+00
 22  0.3554481E+00
  1  0.5721786E-01
  2  0.2231538E-02
  3 -0.4757186E-01
  4 -0.8298852E-01
  5 -0.1153955E+00
  6 -0.1113027E+00
  7 -0.1079399E+00
  8 -0.2017022E+00
  9 -0.2888967E+00
 10 -0.3681591E+00
 11 -0.4395443E+00
 12 -0.8339986E-01
 13 -0.4913839E-01
 14 -0.2135900E-01
 15 -0.7901220E-02
 16 -0.1820194E-01
 17 -0.8658092E-01
 18 -0.2530687E+00
 19 -0.2689191E+00
 20 -0.2597805E+00
 21 -0.2782772E+00
 22 -0.4453409E+00
  1  0.9325504E-01
  2  0.5588315E-01
  3  0.2522469E-01
  4  0.1048402E-01
  5  0.2307929E-01
  6  0.9144378E-01
  7  0.2418692E+00
  8  0.2412389E+00
  9  0.2294638E+00
 10  0.2708379E+00
 11  0.4850371E+00
 12 -0.6381927E-01
 13 -0.3576947E-02
 14  0.5105693E-01
 15  0.9105267E-01
 16  0.1262678E+00
 17  0.1223339E+00
 18  0.1162736E+00
 19  0.2199633E+00
 20  0.3167155E+00
 21  0.4010282E+00
 22  0.3628323E+00
  1  0.5754707E-01
  2  0.2125182E-02
  3 -0.4790358E-01
  4 -0.8261603E-01
  5 -0.1149577E+00
  6 -0.1106459E+00
  7 -0.1094895E+00
  8 -0.2025097E+00
  9 -0.2881652E+00
 10 -0.3661419E+00
 11 -0.4360171E+00
 12 -0.8328804E-01
 13 -0.4874957E-01
 14 -0.2061393E-01
 15 -0.7514890E-02
 16 -0.1997262E-01
 17 -0.8994672E-01
 18 -0.2551788E+00
 19 -0.2713035E+00
 20 -0.2622229E+00
 21 -0.2822058E+00
 22 -0.4432727E+00
  1  0.1162229E+00
  2  0.6255919E-01
  3  0.1897497E-01
  4 -0.5787218E-02
  5 -0.2318834E-03
  6  0.7346758E-01
  7  0.2459444E+00
  8  0.2375917E+00
  9  0.2156466E+00
 10  0.2454116E+00
 11  0.5319356E+00
 12 -0.8752859E-01
 13 -0.1386860E-01
 14  0.5236618E-01
 15  0.9901915E-01
 16  0.1336832E+00
 17  0.1113731E+00
 18  0.7452338E-01
 19  0.1970318E+00
 20  0.3201668E+00
 21  0.4099748E+00
 22  0.3233047E+00
  1  0.5934336E-01
  2  0.2182542E-02
  3 -0.4800890E-01
  4 -0.8481690E-01
  5 -0.1176956E+00
  6 -0.1126593E+00
  7 -0.1096543E+00
  8 -0.2032119E+00
  9 -0.2880464E+00
 10 -0.3655319E+00
 11 -0.4476672E+00
 12 -0.8562525E-01
 13 -0.5015279E-01
 14 -0.2141774E-01
 15 -0.7296228E-02
 16 -0.1778719E-01
 17 -0.8174165E-01
 18 -0.2483881E+00
 19 -0.2652017E+00
 20 -0.2550306E+00
 21 -0.2743537E+00
 22 -0.4476883E+00
  1  0.1083207E+00
  2  0.6299277E-01
  3  0.2583039E-01
  4  0.6235684E-02
  5  0.1270984E-01
  6  0.8199129E-01
  7  0.2415577E+00
  8  0.2387975E+00
  9  0.2208721E+00
 10  0.2610067E+00
 11  0.5062916E+00
 12 -0.7882487E-01
 13 -0.1026326E-01
 14  0.5242479E-01
 15  0.9677234E-01
 16  0.1361782E+00
 17  0.1170383E+00
 18  0.8908372E-01
 19  0.2019840E+00
 20  0.3120447E+00
 21  0.4150307E+00
 22  0.3450559E+00
  1  0.5742837E-01
  2  0.1584231E-02
  3 -0.4883076E-01
  4 -0.8530312E-01
  5 -0.1179060E+00
  6 -0.1132199E+00
  7 -0.1099463E+00
  8 -0.2029077E+00
  9 -0.2870682E+00
 10 -0.3651828E+00
 11 -0.4488000E+00
 12 -0.8529611E-01
 13 -0.5094074E-01
 14 -0.2183224E-01
 15 -0.8106916E-02
 16 -0.2362677E-01
 17 -0.8856972E-01
 18 -0.2451001E+00
 19 -0.2614647E+00
 20 -0.2526183E+00
 21 -0.2733815E+00
 22 -0.4517336E+00
  1  0.1186099E+00
  2  0.6373369E-01
  3  0.1881211E-01
  4 -0.6019069E-02
  5 -0.1509800E-03
  6  0.7565607E-01
  7  0.2510646E+00
  8  0.2423330E+00
  9  0.2105215E+00
 10  0.2412107E+00
 11  0.5305889E+00
 12 -0.8993375E-01
 13 -0.1389016E-01
 14  0.5420182E-01
 15  0.1003564E+00
 16  0.1366822E+00
 17  0.1139396E+00
 18  0.7534908E-01
 19  0.2013016E+00
 20  0.3175260E+00
 21  0.4091004E+00
 22  0.3203594E+00
  1  0.5888509E-01
  2  0.8737511E-03
  3 -0.5086735E-01
  4 -0.8760429E-01
  5 -0.1208391E+00
  6 -0.1147335E+00
  7 -0.1069772E+00
  8 -0.2023378E+00
  9 -0.2886566E+00
 10 -0.3712726E+00
 11 -0.4494769E+00
 12 -0.8510120E-01
 13 -0.4959970E-01
 14 -0.2002824E-01
 15 -0.4970354E-02
 16 -0.1899692E-01
 17 -0.8528383E-01
 18 -0.2386809E+00
 19 -0.2545051E+00
 20 -0.2474255E+00
 21 -0.2688181E+00
 22 -0.4581893E+00
  1  0.1094505E+00
  2  0.6163772E-01
  3  0.2146576E-01
  4  0.5926269E-03
  5  0.8360110E-02
  6  0.7865652E-01
  7  0.2418008E+00
  8  0.2366753E+00
  9  0.2193172E+00
 10  0.2637235E+00
 11  0.5175442E+00
 12 -0.8280490E-01
 13 -0.1504639E-01
 14  0.4552370E-01
 15  0.8665019E-01
 16  0.1194030E+00
 17  0.9982823E-01
 18  0.7341788E-01
 19  0.1930742E+00
 20  0.3091703E+00
 21  0.4243797E+00
 22  0.3439181E+00
  1  0.5940892E-01
  2  0.1034520E-02
  3 -0.5191770E-01
  4 -0.8940638E-01
  5 -0.1225110E+00
  6 -0.1155515E+00
  7 -0.1042622E+00
  8 -0.2011924E+00
  9 -0.2885804E+00
 10 -0.3730999E+00
 11 -0.4517741E+00
 12 -0.8698285E-01
 13 -0.5006208E-01
 14 -0.1984759E-01
 15 -0.4966418E-02
 16 -0.1736257E-01
 17 -0.8246858E-01
 18 -0.2338630E+00
 19 -0.2526471E+00
 20 -0.2448882E+00
 21 -0.2699011E+00
 22 -0.4588638E+00
  1  0.1185987E+00
  2  0.6509932E-01
  3  0.2064040E-01
  4 -0.2679210E-02
  5  0.3417615E-02
  6  0.8040126E-01
  7  0.2571942E+00
  8  0.2477646E+00
  9  0.2131743E+00
 10  0.2427355E+00
 11  0.5254396E+00
 12 -0.9067406E-01
 13 -0.1477807E-01
 14  0.5209742E-01
 15  0.9732967E-01
 16  0.1326234E+00
 17  0.1104463E+00
 18  0.7320181E-01
 19  0.2022679E+00
 20  0.3181226E+00
 21  0.4086120E+00
 22  0.3192950E+00
  1  0.6027757E-01
  2  0.9055439E-03
  3 -0.5209822E-01
  4 -0.9090409E-01
  5 -0.1244313E+00
  6 -0.1174667E+00
  7 -0.1052566E+00
  8 -0.1971987E+00
  9 -0.2874071E+00
 10 -0.3726166E+00
 11 -0.4487816E+00
 12 -0.8837888E-01
 13 -0.5038284E-01
 14 -0.1989988E-01
 15 -0.5304426E-02
 16 -0.1802253E-01
 17 -0.8409779E-01
 18 -0.2376795E+00
 19 -0.2546971E+00
 20 -0.2445079E+00
 21 -0.2688987E+00
 22 -0.4600715E+00
  1  0.1066711E+00
  2  0.6105329E-01
  3  0.2434547E-01
  4  0.3735732E-02
  5  0.1139464E-01
  6  0.8202919E-01
  7  0.2417110E+00
  8  0.2384853E+00
  9  0.2247673E+00
 10  0.2670504E+00
 11  0.5158536E+00
 12 -0.8108327E-01
 13 -0.1594552E-01
 14  0.4151153E-01
 15  0.8182431E-01
 16  0.1126866E+00
 17  0.9519797E-01
 18  0.7386899E-01
 19  0.1986477E+00
 20  0.3109986E+00
 21  0.4162879E+00
 22  0.3496375E+00
  1  0.6025550E-01
  2  0.6171386E-03
  3 -0.5221433E-01
  4 -0.9031162E-01
  5 -0.1235820E+00
  6 -0.1172784E+00
  7 -0.1059531E+00
  8 -0.1941746E+00
  9 -0.2858123E+00
 10 -0.3723917E+00
 11 -0.4486267E+00
 12 -0.8790552E-01
 13 -0.5028578E-01
 14 -0.1988435E-01
 15 -0.5583635E-02
 16 -0.1671784E-01
 17 -0.8254229E-01
 18 -0.2383551E+00
 19 -0.2544925E+00
 20 -0.2495077E+00
 21 -0.2754863E+00
 22 -0.4565062E+00
  1  0.1233809E+00
  2  0.6753889E-01
  3  0.2091166E-01
  4 -0.3345659E-02
  5  0.3826566E-02
  6  0.8311404E-01
  7  0.2656205E+00
  8  0.2502471E+00
  9  0.2122296E+00
 10  0.2359905E+00
 11  0.5133027E+00
 12 -0.9355953E-01
 13 -0.1533729E-01
 14  0.5164312E-01
 15  0.9066375E-01
 16  0.1169016E+00
 17  0.8845571E-01
 18  0.7323220E-01
 19  0.2035681E+00
 20  0.3234689E+00
 21  0.4285443E+00
 22  0.3146471E+00
  1  0.6186631E-01
  2  0.1400832E-02
  3 -0.5312240E-01
  4 -0.9163774E-01
  5 -0.1268920E+00
  6 -0.1201929E+00
  7 -0.1071636E+00
  8 -0.1978825E+00
  9 -0.2810023E+00
 10 -0.3700342E+00
 11 -0.4369955E+00
 12 -0.8941600E-01
 13 -0.5162366E-01
 14 -0.1979993E-01
 15 -0.5253119E-02
 16 -0.1549576E-01
 17 -0.8244196E-01
 18 -0.2407887E+00
 19 -0.2571505E+00
 20 -0.2543941E+00
 21 -0.2808178E+00
 22 -0.4594691E+00
  1  0.1065935E+00
  2  0.6069567E-01
  3  0.2419762E-01
  4  0.3932493E-02
  5  0.1146363E-01
  6  0.8063129E-01
  7  0.2411091E+00
  8  0.2393055E+00
  9  0.2277204E+00
 10  0.2648471E+00
 11  0.5135438E+00
 12 -0.8012401E-01
 13 -0.1528340E-01
 14  0.4085978E-01
 15  0.8153746E-01
 16  0.1048289E+00
 17  0.8345384E-01
 18  0.7344268E-01
 19  0.1991741E+00
 20  0.3193428E+00
 21  0.4168573E+00
 22  0.3505035E+00
  1  0.6161119E-01
  2  0.2155982E-02
  3 -0.5173239E-01
  4 -0.9089382E-01
  5 -0.1252815E+00
  6 -0.1183258E+00
  7 -0.1062128E+00
  8 -0.1973561E+00
  9 -0.2827166E+00
 10 -0.3698943E+00
 11 -0.4435142E+00
 12 -0.8930010E-01
 13 -0.5178825E-01
 14 -0.2179069E-01
 15 -0.6806796E-02
 16 -0.1802237E-01
 17 -0.8496207E-01
 18 -0.2405019E+00
 19 -0.2529276E+00
 20 -0.2533223E+00
 21 -0.2798792E+00
 22 -0.4569900E+00
  1  0.1368895E+00
  2  0.7479863E-01
  3  0.2578873E-01
  4 -0.3398910E-02
  5  0.1651384E-02
  6  0.8371723E-01
  7  0.2760356E+00
  8  0.2401236E+00
  9  0.1932345E+00
 10  0.2163595E+00
 11  0.5236187E+00
 12 -0.1116437E+00
 13 -0.3755767E-01
 14  0.2840719E-01
 15  0.7132054E-01
 16  0.1000727E+00
 17  0.7111130E-01
 18  0.5740820E-01
 19  0.2046641E+00
 20  0.3360340E+00
 21  0.4413266E+00
 22  0.2967910E+00
  1  0.7875448E-01
  2  0.2031398E-01
  3 -0.3339340E-01
  4 -0.7638383E-01
  5 -0.1134109E+00
  6 -0.1063112E+00
  7 -0.9287208E-01
  8 -0.1999272E+00
  9 -0.2914463E+00
 10 -0.3674991E+00
 11 -0.4348050E+00
 12 -0.9536126E-01
 13 -0.5170868E-01
 14 -0.1669261E-01
 15  0.6744078E-03
 16 -0.9511193E-02
 17 -0.8018095E-01
 18 -0.2461670E+00
 19 -0.2469231E+00
 20 -0.2437146E+00
 21 -0.2801898E+00
 22 -0.4760092E+00
  1  0.1481668E+00
  2  0.7996833E-01
  3  0.2159692E-01
  4 -0.1084561E-01
  5 -0.6501081E-02
  6  0.8370299E-01
  7  0.2573397E+00
  8  0.2020051E+00
  9  0.1545610E+00
 10  0.2043188E+00
 11  0.5449968E+00
 12 -0.1320776E+00
 13 -0.4900960E-01
 14  0.2277265E-01
 15  0.7087687E-01
 16  0.1030491E+00
 17  0.6944337E-01
 18  0.4528751E-01
 19  0.2068337E+00
 20  0.3535042E+00
 21  0.4594894E+00
 22  0.2693988E+00
  1  0.8296501E-01
  2  0.2035548E-01
  3 -0.3573341E-01
  4 -0.7453536E-01
  5 -0.1055469E+00
  6 -0.9238223E-01
  7 -0.8584837E-01
  8 -0.2035328E+00
  9 -0.3012673E+00
 10 -0.3727165E+00
 11 -0.4096711E+00
 12 -0.1013453E+00
 13 -0.5373018E-01
 14 -0.1599517E-01
 15  0.4598390E-02
 16 -0.5352297E-02
 17 -0.7979948E-01
 18 -0.2538109E+00
 19 -0.2536389E+00
 20 -0.2474930E+00
 21 -0.2816348E+00
 22 -0.4803488E+00
  1  0.1445986E+00
  2  0.7657407E-01
  3  0.1891910E-01
  4 -0.1293878E-01
  5 -0.8128527E-02
  6  0.8228818E-01
  7  0.2598652E+00
  8  0.2057328E+00
  9  0.1614871E+00
 10  0.2098373E+00
 11  0.5489016E+00
 12 -0.1305826E+00
 13 -0.4979265E-01
 14  0.2169877E-01
 15  0.6955989E-01
 16  0.1020864E+00
 17  0.6835268E-01
 18  0.4113790E-01
 19  0.2093111E+00
 20  0.3552036E+00
 21  0.4479729E+00
 22  0.2689224E+00
  1  0.8650101E-01
  2  0.2223506E-01
  3 -0.3675201E-01
  4 -0.7657123E-01
  5 -0.1078805E+00
  6 -0.9328621E-01
  7 -0.8379330E-01
  8 -0.1945499E+00
  9 -0.2969559E+00
 10 -0.3702323E+00
 11 -0.4017009E+00
 12 -0.1038758E+00
 13 -0.5495053E-01
 14 -0.1634636E-01
 15  0.3435830E-02
 16 -0.7235722E-02
 17 -0.8418922E-01
 18 -0.2633575E+00
 19 -0.2619877E+00
 20 -0.2509658E+00
 21 -0.2826938E+00
 22 -0.4804747E+00
  1  0.1447579E+00
  2  0.7590536E-01
  3  0.1834862E-01
  4 -0.1218050E-01
  5 -0.7999876E-02
  6  0.8218563E-01
  7  0.2482080E+00
  8  0.1971558E+00
  9  0.1531316E+00
 10  0.2049750E+00
 11  0.5580474E+00
 12 -0.1333063E+00
 13 -0.5261600E-01
 14  0.1996231E-01
 15  0.6784318E-01
 16  0.9898911E-01
 17  0.6668432E-01
 18  0.4017383E-01
 19  0.2110995E+00
 20  0.3643495E+00
 21  0.4481862E+00
 22  0.2627498E+00
  1  0.9072743E-01
  2  0.2578226E-01
  3 -0.3287354E-01
  4 -0.7326730E-01
  5 -0.1047608E+00
  6 -0.9002809E-01
  7 -0.8087143E-01
  8 -0.1937259E+00
  9 -0.2878708E+00
 10 -0.3633620E+00
 11 -0.3951306E+00
 12 -0.1094697E+00
 13 -0.6073983E-01
 14 -0.1989383E-01
 15 -0.2424371E-03
 16 -0.1064858E-01
 17 -0.9002809E-01
 18 -0.2744249E+00
 19 -0.2706158E+00
 20 -0.2545543E+00
 21 -0.2822388E+00
 22 -0.4828974E+00
  1  0.1462385E+00
  2  0.7740875E-01
  3  0.2190767E-01
  4 -0.8572835E-02
  5 -0.2069092E-02
  6  0.8625335E-01
  7  0.2456784E+00
  8  0.1933644E+00
  9  0.1505620E+00
 10  0.2044572E+00
 11  0.5586425E+00
 12 -0.1343119E+00
 13 -0.5299346E-01
 14  0.1865271E-01
 15  0.6474714E-01
 16  0.9774144E-01
 17  0.6620476E-01
 18  0.4832410E-01
 19  0.2159206E+00
 20  0.3605902E+00
 21  0.4479059E+00
 22  0.2672032E+00
  1  0.9688292E-01
  2  0.3080346E-01
  3 -0.2876606E-01
  4 -0.6993597E-01
  5 -0.1029320E+00
  6 -0.8718105E-01
  7 -0.7647018E-01
  8 -0.1911803E+00
  9 -0.2832317E+00
 10 -0.3555058E+00
 11 -0.3926931E+00
 12 -0.1125321E+00
 13 -0.5856537E-01
 14 -0.1559091E-01
 15  0.5961802E-02
 16 -0.5248715E-02
 17 -0.8832587E-01
 18 -0.2793509E+00
 19 -0.2761687E+00
 20 -0.2558093E+00
 21 -0.2840321E+00
 22 -0.4877715E+00
  1  0.1488918E+00
  2  0.7882357E-01
  3  0.2284092E-01
  4 -0.9140153E-02
  5 -0.2144687E-02
  6  0.8164951E-01
  7  0.2451441E+00
  8  0.1927065E+00
  9  0.1478068E+00
 10  0.2019286E+00
 11  0.5540737E+00
 12 -0.1359290E+00
 13 -0.5390735E-01
 14  0.1889217E-01
 15  0.6773428E-01
 16  0.1004849E+00
 17  0.6813167E-01
 18  0.4927104E-01
 19  0.2261951E+00
 20  0.3670254E+00
 21  0.4506241E+00
 22  0.2550727E+00
  1  0.1026578E+00
  2  0.3377364E-01
  3 -0.2877164E-01
  4 -0.7321519E-01
  5 -0.1049962E+00
  6 -0.8481026E-01
  7 -0.6945861E-01
  8 -0.1900606E+00
  9 -0.2848189E+00
 10 -0.3523408E+00
 11 -0.3918179E+00
 12 -0.1164641E+00
 13 -0.6109145E-01
 14 -0.1374024E-01
 15  0.1200682E-01
 16  0.6288078E-02
 17 -0.8106384E-01
 18 -0.2812098E+00
 19 -0.2788511E+00
 20 -0.2529261E+00
 21 -0.2826941E+00
 22 -0.4890976E+00
  1  0.2208848E+00
  2  0.1092160E+00
  3  0.8942001E-02
  4 -0.4871749E-01
  5 -0.6879354E-01
  6  0.3560384E-01
  7  0.2502215E+00
  8  0.1634184E+00
  9  0.9096505E-01
 10  0.1508939E+00
 11  0.6386191E+00
 12 -0.2130243E+00
 13 -0.9100369E-01
 14  0.1302674E-01
 15  0.8368399E-01
 16  0.1224069E+00
 17  0.5870240E-01
 18 -0.4800290E-01
 19  0.1480548E+00
 20  0.3423454E+00
 21  0.4181786E+00
 22  0.8409923E-01
  1  0.1659955E+00
  2  0.6405646E-01
  3 -0.2700160E-01
  4 -0.8401836E-01
  5 -0.1133183E+00
  6 -0.5161644E-01
  7  0.3179116E-01
  8 -0.1451577E+00
  9 -0.2844811E+00
 10 -0.3601177E+00
 11 -0.3640072E+00
 12 -0.1789579E+00
 13 -0.8362459E-01
 14 -0.7240606E-02
 15  0.3974699E-01
 16  0.4452852E-01
 17 -0.5545774E-01
 18 -0.2699999E+00
 19 -0.2524488E+00
 20 -0.1965491E+00
 21 -0.2090052E+00
 22 -0.5614243E+00
  1  0.1974040E+00
  2  0.1009115E+00
  3  0.2043223E-01
  4 -0.2858360E-01
  5 -0.4117892E-01
  6  0.5270671E-01
  7  0.2466681E+00
  8  0.1796695E+00
  9  0.1224775E+00
 10  0.1899808E+00
 11  0.6050637E+00
 12 -0.1898484E+00
 13 -0.8774520E-01
 14  0.3426060E-02
 15  0.6474756E-01
 16  0.9991020E-01
 17  0.5188743E-01
 18 -0.3297790E-01
 19  0.1598580E+00
 20  0.3378890E+00
 21  0.4404391E+00
 22  0.1984963E+00
  1  0.1755892E+00
  2  0.6916923E-01
  3 -0.2213015E-01
  4 -0.8169463E-01
  5 -0.1100499E+00
  6 -0.4563717E-01
  7  0.5082757E-01
  8 -0.1264890E+00
  9 -0.2704267E+00
 10 -0.3668831E+00
 11 -0.3901314E+00
 12 -0.1871216E+00
 13 -0.9190854E-01
 14 -0.1077301E-01
 15  0.3774308E-01
 16  0.4216577E-01
 17 -0.6074943E-01
 18 -0.2785461E+00
 19 -0.2348282E+00
 20 -0.1736950E+00
 21 -0.1995135E+00
 22 -0.5579684E+00
  1  0.2325909E+00
  2  0.1190311E+00
  3  0.2087430E-01
  4 -0.3910215E-01
  5 -0.5347430E-01
  6  0.5763726E-01
  7  0.2918041E+00
  8  0.1953720E+00
  9  0.1123704E+00
 10  0.1539802E+00
 11  0.6116587E+00
 12 -0.2219059E+00
 13 -0.1012790E+00
 14  0.1003077E-01
 15  0.8098952E-01
 16  0.1125289E+00
 17  0.2488859E-01
 18 -0.1008925E+00
 19  0.1206566E+00
 20  0.3015078E+00
 21  0.4164354E+00
 22  0.1459417E+00
  1  0.2021624E+00
  2  0.8382203E-01
  3 -0.2342450E-01
  4 -0.9109104E-01
  5 -0.1247721E+00
  6 -0.4839033E-01
  7  0.7945491E-01
  8 -0.9695192E-01
  9 -0.2646340E+00
 10 -0.3754009E+00
 11 -0.3713382E+00
 12 -0.2114484E+00
 13 -0.1010812E+00
 14 -0.1025654E-01
 15  0.4518397E-01
 16  0.5135883E-01
 17 -0.6802809E-01
 18 -0.3148226E+00
 19 -0.2223234E+00
 20 -0.1460939E+00
 21 -0.1626775E+00
 22 -0.5478117E+00
