           1  2.00000009E-03
           2  2.00000009E-03
           3  2.00000009E-03
           4  2.00000009E-03
           5  2.00000009E-03
           6  2.00000009E-03
           7  2.00000009E-03
           8  2.00000009E-03
           9  2.00000009E-03
          10  2.00000009E-03
          11  2.00000009E-03
          12  2.00000009E-03
          13  2.00000009E-03
          14  2.00000009E-03
          15  2.00000009E-03
          16  2.00000009E-03
          17  2.00000009E-03
          18  2.00000009E-03
          19  2.00000009E-03
          20  2.00000009E-03
          21  2.00000009E-03
          22  2.00000009E-03
          23  2.00000009E-03
          24  2.00000009E-03
          25  1.80000009E-03
          26  1.62000000E-03
          27  1.45799993E-03
          28  1.31219986E-03
          29  1.18097989E-03
          30  1.06288190E-03
          31  9.56593663E-04
          32  9.56593663E-04
          33  9.56593663E-04
          34  9.56593663E-04
          35  9.56593663E-04
          36  9.56593663E-04
          37  9.56593663E-04
          38  9.56593663E-04
          39  9.56593663E-04
          40  9.56593663E-04
          41  9.56593663E-04
          42  9.56593663E-04
          43  9.56593663E-04
          44  9.56593663E-04
          45  9.56593663E-04
          46  9.56593663E-04
          47  9.56593663E-04
          48  9.56593663E-04
          49  9.56593663E-04
          50  9.56593663E-04
          51  9.56593663E-04
          52  9.56593663E-04
          53  9.56593663E-04
          54  9.56593663E-04
          55  9.56593663E-04
          56  9.56593663E-04
          57  9.56593663E-04
          58  9.56593663E-04
          59  9.56593663E-04
          60  9.56593663E-04
          61  9.56593663E-04
          62  9.56593663E-04
          63  9.56593663E-04
          64  9.56593663E-04
          65  9.56593663E-04
          66  9.56593663E-04
          67  8.60934262E-04
          68  7.74840824E-04
          69  7.74840824E-04
          70  7.74840824E-04
          71  7.74840824E-04
          72  7.74840824E-04
          73  7.74840824E-04
          74  7.74840824E-04
          75  6.97356707E-04
          76  6.27621019E-04
          77  6.27621019E-04
          78  6.27621019E-04
          79  6.27621019E-04
          80  6.27621019E-04
          81  6.27621019E-04
          82  6.27621019E-04
          83  6.27621019E-04
          84  6.27621019E-04
          85  6.27621019E-04
          86  6.27621019E-04
          87  6.27621019E-04
          88  6.27621019E-04
          89  6.27621019E-04
          90  6.27621019E-04
          91  6.27621019E-04
          92  6.27621019E-04
          93  6.27621019E-04
          94  6.27621019E-04
          95  6.27621019E-04
          96  6.27621019E-04
          97  6.27621019E-04
          98  6.27621019E-04
          99  6.27621019E-04
         100  6.27621019E-04
         101  6.27621019E-04
         102  6.27621019E-04
         103  6.27621019E-04
         104  6.27621019E-04
         105  6.27621019E-04
         106  6.27621019E-04
         107  6.27621019E-04
         108  6.27621019E-04
         109  6.27621019E-04
         110  6.27621019E-04
         111  6.27621019E-04
         112  6.27621019E-04
         113  6.27621019E-04
         114  6.27621019E-04
         115  6.27621019E-04
         116  6.27621019E-04
         117  6.27621019E-04
         118  6.27621019E-04
         119  6.27621019E-04
         120  6.27621019E-04
         121  6.27621019E-04
         122  6.27621019E-04
         123  6.27621019E-04
         124  6.27621019E-04
         125  6.27621019E-04
         126  6.27621019E-04
         127  6.27621019E-04
         128  6.27621019E-04
         129  6.27621019E-04
         130  6.27621019E-04
         131  6.27621019E-04
         132  6.27621019E-04
         133  6.27621019E-04
         134  6.27621019E-04
         135  5.64858899E-04
         136  5.08373021E-04
         137  5.08373021E-04
         138  5.08373021E-04
         139  5.08373021E-04
         140  5.08373021E-04
         141  5.08373021E-04
         142  5.08373021E-04
         143  5.08373021E-04
         144  5.08373021E-04
         145  5.08373021E-04
         146  5.08373021E-04
         147  5.08373021E-04
         148  5.08373021E-04
         149  5.08373021E-04
         150  5.08373021E-04
         151  5.08373021E-04
         152  5.08373021E-04
         153  5.08373021E-04
         154  5.08373021E-04
         155  5.08373021E-04
         156  5.08373021E-04
         157  5.08373021E-04
         158  5.08373021E-04
         159  5.08373021E-04
         160  5.08373021E-04
         161  5.08373021E-04
         162  5.08373021E-04
         163  5.08373021E-04
         164  5.08373021E-04
         165  5.08373021E-04
         166  5.08373021E-04
         167  5.08373021E-04
         168  5.08373021E-04
         169  5.08373021E-04
         170  5.08373021E-04
         171  5.08373021E-04
         172  5.08373021E-04
         173  5.08373021E-04
         174  5.08373021E-04
         175  5.08373021E-04
         176  5.08373021E-04
         177  5.08373021E-04
         178  5.08373021E-04
         179  5.08373021E-04
         180  5.08373021E-04
         181  5.08373021E-04
         182  5.08373021E-04
         183  5.08373021E-04
         184  5.08373021E-04
         185  5.08373021E-04
         186  5.08373021E-04
         187  5.08373021E-04
         188  5.08373021E-04
         189  5.08373021E-04
         190  5.08373021E-04
         191  5.08373021E-04
         192  5.08373021E-04
         193  5.08373021E-04
         194  5.08373021E-04
         195  5.08373021E-04
         196  5.08373021E-04
         197  5.08373021E-04
         198  5.08373021E-04
         199  5.08373021E-04
         200  5.08373021E-04
         201  5.08373021E-04
         202  5.08373021E-04
         203  5.08373021E-04
         204  5.08373021E-04
         205  5.08373021E-04
         206  5.08373021E-04
         207  5.08373021E-04
         208  5.08373021E-04
         209  5.08373021E-04
         210  5.08373021E-04
         211  5.08373021E-04
         212  5.08373021E-04
         213  5.08373021E-04
         214  5.08373021E-04
         215  5.08373021E-04
         216  5.08373021E-04
         217  5.08373021E-04
         218  5.08373021E-04
         219  5.08373021E-04
         220  5.08373021E-04
         221  5.08373021E-04
         222  5.08373021E-04
         223  5.08373021E-04
         224  5.08373021E-04
         225  5.08373021E-04
         226  5.08373021E-04
         227  5.08373021E-04
         228  5.08373021E-04
         229  5.08373021E-04
         230  5.08373021E-04
         231  5.08373021E-04
         232  5.08373021E-04
         233  5.08373021E-04
         234  5.08373021E-04
         235  5.08373021E-04
         236  5.08373021E-04
         237  5.08373021E-04
         238  5.08373021E-04
         239  5.08373021E-04
         240  5.08373021E-04
         241  5.08373021E-04
         242  5.08373021E-04
         243  5.08373021E-04
         244  5.08373021E-04
         245  5.08373021E-04
         246  5.08373021E-04
         247  5.08373021E-04
         248  5.08373021E-04
         249  5.08373021E-04
         250  5.08373021E-04
         251  5.08373021E-04
         252  5.08373021E-04
         253  5.08373021E-04
         254  5.08373021E-04
         255  5.08373021E-04
         256  5.08373021E-04
         257  5.08373021E-04
         258  5.08373021E-04
         259  5.08373021E-04
         260  5.08373021E-04
         261  5.08373021E-04
         262  5.08373021E-04
         263  5.08373021E-04
         264  5.08373021E-04
         265  5.08373021E-04
         266  5.08373021E-04
         267  5.08373021E-04
         268  5.08373021E-04
         269  5.08373021E-04
         270  5.08373021E-04
         271  5.08373021E-04
         272  5.08373021E-04
         273  5.08373021E-04
         274  5.08373021E-04
         275  5.08373021E-04
         276  5.08373021E-04
         277  5.08373021E-04
         278  5.08373021E-04
         279  5.08373021E-04
         280  5.08373021E-04
         281  5.08373021E-04
         282  5.08373021E-04
         283  5.08373021E-04
         284  5.08373021E-04
         285  5.08373021E-04
         286  5.08373021E-04
         287  5.08373021E-04
         288  5.08373021E-04
         289  5.08373021E-04
         290  5.08373021E-04
         291  5.08373021E-04
         292  5.08373021E-04
         293  5.08373021E-04
         294  5.08373021E-04
         295  5.08373021E-04
         296  5.08373021E-04
         297  5.08373021E-04
         298  5.08373021E-04
         299  5.08373021E-04
         300  5.08373021E-04
         301  5.08373021E-04
         302  5.08373021E-04
         303  5.08373021E-04
         304  5.08373021E-04
         305  5.08373021E-04
         306  5.08373021E-04
         307  5.08373021E-04
         308  5.08373021E-04
         309  5.08373021E-04
         310  5.08373021E-04
         311  5.08373021E-04
         312  5.08373021E-04
         313  5.08373021E-04
         314  5.08373021E-04
         315  5.08373021E-04
         316  5.08373021E-04
         317  5.08373021E-04
         318  5.08373021E-04
         319  5.08373021E-04
         320  4.57535702E-04
         321  3.70603899E-04
         322  3.33543489E-04
         323  3.33543489E-04
         324  3.33543489E-04
         325  3.33543489E-04
         326  3.33543489E-04
         327  3.33543489E-04
         328  3.33543489E-04
         329  3.33543489E-04
         330  3.33543489E-04
         331  3.33543489E-04
         332  3.33543489E-04
         333  3.33543489E-04
         334  3.33543489E-04
         335  3.33543489E-04
         336  3.33543489E-04
         337  3.33543489E-04
         338  3.00189131E-04
         339  2.70170218E-04
         340  2.70170218E-04
         341  2.70170218E-04
         342  2.70170218E-04
         343  2.70170218E-04
         344  2.70170218E-04
         345  2.70170218E-04
         346  2.70170218E-04
         347  2.70170218E-04
         348  2.70170218E-04
         349  2.70170218E-04
         350  2.43153190E-04
         351  2.18837871E-04
         352  2.18837871E-04
         353  2.18837871E-04
         354  2.18837871E-04
         355  2.18837871E-04
         356  1.96954075E-04
         357  1.77258669E-04
         358  1.77258669E-04
         359  1.77258669E-04
         360  1.59532792E-04
         361  1.43579513E-04
         362  1.29221560E-04
         363  1.29221560E-04
         364  1.29221560E-04
         365  1.29221560E-04
         366  1.29221560E-04
         367  1.29221560E-04
         368  1.29221560E-04
         369  1.29221560E-04
         370  1.16299401E-04
         371  1.16299401E-04
         372  1.16299401E-04
         373  1.16299401E-04
         374  1.16299401E-04
         375  1.16299401E-04
         376  1.16299401E-04
         377  1.16299401E-04
         378  1.04669460E-04
         379  1.04669460E-04
         380  1.04669460E-04
         381  1.04669460E-04
         382  1.04669460E-04
         383  1.04669460E-04
         384  9.42025144E-05
         385  9.42025144E-05
         386  9.42025144E-05
         387  9.42025144E-05
         388  8.47822594E-05
         389  8.47822594E-05
         390  8.47822594E-05
         391  8.47822594E-05
         392  7.63040298E-05
         393  7.63040298E-05
         394  7.63040298E-05
         395  7.63040298E-05
         396  6.86736239E-05
         397  6.86736239E-05
         398  6.18062622E-05
         399  6.18062622E-05
         400  5.56256346E-05
         401  5.56256346E-05
         402  5.00630704E-05
         403  5.00630704E-05
         404  4.50567604E-05
         405  4.50567604E-05
         406  4.50567604E-05
         407  4.50567604E-05
         408  4.50567604E-05
         409  4.50567604E-05
         410  4.50567604E-05
         411  4.50567604E-05
         412  4.50567604E-05
         413  4.50567604E-05
         414  4.50567604E-05
         415  4.50567604E-05
         416  4.50567604E-05
         417  4.50567604E-05
         418  4.50567604E-05
         419  4.50567604E-05
         420  4.50567604E-05
         421  4.50567604E-05
         422  4.05510837E-05
         423  4.05510837E-05
         424  4.05510837E-05
         425  4.05510837E-05
         426  4.05510837E-05
         427  4.05510837E-05
         428  4.05510837E-05
         429  4.05510837E-05
         430  4.05510837E-05
         431  4.05510837E-05
         432  4.05510837E-05
         433  4.05510837E-05
         434  4.05510837E-05
         435  4.05510837E-05
         436  4.05510837E-05
         437  4.05510837E-05
         438  4.05510837E-05
         439  4.05510837E-05
         440  4.05510837E-05
         441  4.05510837E-05
         442  4.05510837E-05
         443  4.05510837E-05
         444  4.05510837E-05
         445  4.05510837E-05
         446  4.05510837E-05
         447  4.05510837E-05
         448  4.05510837E-05
         449  4.05510837E-05
         450  4.05510837E-05
         451  4.05510837E-05
         452  4.05510837E-05
         453  4.05510837E-05
         454  4.05510837E-05
         455  4.05510837E-05
         456  4.05510837E-05
         457  4.05510837E-05
         458  4.05510837E-05
         459  4.05510837E-05
         460  4.05510837E-05
         461  4.05510837E-05
         462  4.05510837E-05
         463  4.05510837E-05
         464  4.05510837E-05
         465  4.05510837E-05
         466  4.05510837E-05
         467  4.05510837E-05
