           1  2.10007578E-02
           2  1.63973328E-02
           3  1.28326016E-02
           4  9.98593122E-03
           5  7.71711860E-03
           6  5.92795108E-03
           7  4.51271096E-03
           8  3.39433202E-03
           9  2.52364203E-03
          10  1.85630587E-03
          11  1.35162240E-03
          12  9.94588481E-04
          13  9.24579217E-04
          14  8.56822007E-04
          15  7.86197546E-04
          16  7.27003615E-04
          17  6.86567568E-04
          18  6.35756413E-04
          19  6.14674878E-04
          20  5.70491189E-04
          21  5.61977213E-04
          22  5.22731221E-04
          23  5.22674178E-04
          24  4.86653909E-04
          25  4.32620291E-04
          26  4.01386467E-04
          27  3.70419206E-04
          28  3.44706001E-04
          29  3.26514128E-04
          30  3.06042581E-04
          31  2.94820260E-04
          32  2.92531477E-04
          33  2.83435947E-04
          34  2.81141227E-04
          35  2.73664948E-04
          36  2.71270430E-04
          37  2.65044422E-04
          38  2.62561982E-04
          39  2.57306645E-04
          40  2.54711806E-04
          41  2.50255194E-04
          42  2.47575605E-04
          43  2.43771166E-04
          44  2.41026006E-04
          45  2.37762768E-04
          46  2.34927531E-04
          47  2.32164937E-04
          48  2.29221347E-04
          49  2.26886594E-04
          50  2.23857802E-04
          51  2.21930866E-04
          52  2.18800109E-04
          53  2.17216351E-04
          54  2.14017520E-04
          55  2.12733386E-04
          56  2.09477221E-04
          57  2.08465179E-04
          58  2.05156088E-04
          59  2.04391137E-04
          60  2.01031304E-04
          61  2.00510796E-04
          62  1.97075962E-04
          63  1.96775043E-04
          64  1.93308180E-04
          65  1.93212109E-04
          66  1.89686238E-04
          67  1.78201983E-04
          68  1.75119727E-04
          69  1.74991670E-04
          70  1.71979613E-04
          71  1.71913853E-04
          72  1.68968021E-04
          73  1.68955812E-04
          74  1.66065322E-04
          75  1.58699084E-04
          76  1.56247319E-04
          77  1.56004811E-04
          78  1.53670320E-04
          79  1.53404952E-04
          80  1.51183995E-04
          81  1.50900218E-04
          82  1.48785752E-04
          83  1.48493462E-04
          84  1.46462073E-04
          85  1.46167629E-04
          86  1.44217760E-04
          87  1.43923331E-04
          88  1.42047313E-04
          89  1.41749537E-04
          90  1.39944066E-04
          91  1.39641576E-04
          92  1.37908166E-04
          93  1.37614072E-04
          94  1.35930954E-04
          95  1.35649170E-04
          96  1.34021815E-04
          97  1.33745969E-04
          98  1.32170811E-04
          99  1.31906228E-04
         100  1.30373053E-04
         101  1.30116809E-04
         102  1.28630549E-04
         103  1.28385800E-04
         104  1.26930638E-04
         105  1.26702333E-04
         106  1.25282051E-04
         107  1.25070204E-04
         108  1.23686696E-04
         109  1.23489837E-04
         110  1.22130397E-04
         111  1.21949670E-04
         112  1.20621706E-04
         113  1.20451346E-04
         114  1.19152195E-04
         115  1.18991193E-04
         116  1.17723015E-04
         117  1.17576499E-04
         118  1.16331314E-04
         119  1.16205949E-04
         120  1.14972383E-04
         121  1.14865281E-04
         122  1.13650181E-04
         123  1.13562404E-04
         124  1.12361558E-04
         125  1.12290581E-04
         126  1.11104309E-04
         127  1.11051384E-04
         128  1.09880770E-04
         129  1.09842098E-04
         130  1.08689303E-04
         131  1.08664550E-04
         132  1.07527638E-04
         133  1.07521140E-04
         134  1.06390224E-04
         135  1.02258986E-04
         136  1.01343867E-04
         137  1.01186772E-04
         138  1.00314632E-04
         139  1.00148689E-04
         140  9.93105859E-05
         141  9.91332927E-05
         142  9.83255959E-05
         143  9.81419726E-05
         144  9.73683855E-05
         145  9.71796253E-05
         146  9.64325227E-05
         147  9.62354970E-05
         148  9.55196883E-05
         149  9.53183626E-05
         150  9.46243090E-05
         151  9.44244675E-05
         152  9.37472651E-05
         153  9.35484568E-05
         154  9.28934824E-05
         155  9.26925422E-05
         156  9.20553794E-05
         157  9.18533624E-05
         158  9.12387186E-05
         159  9.10348099E-05
         160  9.04383560E-05
         161  9.02343090E-05
         162  8.96567872E-05
         163  8.94511249E-05
         164  8.88903596E-05
         165  8.86853741E-05
         166  8.81396481E-05
         167  8.79337967E-05
         168  8.74028992E-05
         169  8.72026940E-05
         170  8.66827904E-05
         171  8.64859976E-05
         172  8.59781867E-05
         173  8.57849518E-05
         174  8.52879530E-05
         175  8.51021323E-05
         176  8.46125185E-05
         177  8.44317910E-05
         178  8.39480490E-05
         179  8.37748739E-05
         180  8.33018930E-05
         181  8.31327125E-05
         182  8.26680625E-05
         183  8.25024545E-05
         184  8.20482528E-05
         185  8.18871631E-05
         186  8.14399682E-05
         187  8.12822400E-05
         188  8.08422701E-05
         189  8.06935423E-05
         190  8.02586510E-05
         191  8.01100905E-05
         192  7.96851527E-05
         193  7.95411834E-05
         194  7.91205821E-05
         195  7.89795449E-05
         196  7.85712837E-05
         197  7.84342119E-05
         198  7.80291157E-05
         199  7.78941467E-05
         200  7.74988730E-05
         201  7.73690481E-05
         202  7.69824765E-05
         203  7.68549144E-05
         204  7.64753786E-05
         205  7.63475837E-05
         206  7.59776594E-05
         207  7.58538663E-05
         208  7.54876091E-05
         209  7.53676286E-05
         210  7.50089675E-05
         211  7.48890307E-05
         212  7.45369034E-05
         213  7.44220306E-05
         214  7.40768519E-05
         215  7.39653915E-05
         216  7.36220609E-05
         217  7.35166759E-05
         218  7.31802356E-05
         219  7.30749016E-05
         220  7.27448860E-05
         221  7.26409125E-05
         222  7.23181438E-05
         223  7.22144032E-05
         224  7.19008312E-05
         225  7.17989751E-05
         226  7.14889757E-05
         227  7.13882400E-05
         228  7.10860186E-05
         229  7.09854867E-05
         230  7.06889696E-05
         231  7.05908460E-05
         232  7.02996185E-05
         233  7.02034231E-05
         234  6.99192242E-05
         235  6.98243603E-05
         236  6.95453055E-05
         237  6.94499104E-05
         238  6.91796304E-05
         239  6.90838715E-05
         240  6.88180589E-05
         241  6.87238644E-05
         242  6.84635233E-05
         243  6.83694161E-05
         244  6.81179154E-05
         245  6.80222583E-05
         246  6.77764256E-05
         247  6.76798008E-05
         248  6.74406401E-05
         249  6.73425093E-05
         250  6.71121015E-05
         251  6.70130030E-05
         252  6.67881468E-05
         253  6.66868727E-05
         254  6.64709441E-05
         255  6.63683386E-05
         256  6.61607410E-05
         257  6.60546502E-05
         258  6.58541758E-05
         259  6.57478813E-05
         260  6.55518306E-05
         261  6.54431133E-05
         262  6.52565650E-05
         263  6.51458395E-05
         264  6.49652138E-05
         265  6.48520072E-05
         266  6.46782282E-05
         267  6.45627006E-05
         268  6.43967433E-05
         269  6.42779778E-05
         270  6.41207953E-05
         271  6.39990030E-05
         272  6.38468264E-05
         273  6.37249759E-05
         274  6.35794495E-05
         275  6.34569296E-05
         276  6.33149539E-05
         277  6.31913499E-05
         278  6.30562718E-05
         279  6.29282440E-05
         280  6.27995469E-05
         281  6.26688343E-05
         282  6.25487373E-05
         283  6.24147578E-05
         284  6.23003143E-05
         285  6.21640938E-05
         286  6.20555948E-05
         287  6.19163184E-05
         288  6.18170743E-05
         289  6.16738253E-05
         290  6.15803656E-05
         291  6.14360324E-05
         292  6.13479133E-05
         293  6.11988653E-05
         294  6.11194264E-05
         295  6.09687449E-05
         296  6.08949304E-05
         297  6.07391557E-05
         298  6.06725771E-05
         299  6.05122295E-05
         300  6.04536071E-05
         301  6.02889413E-05
         302  6.02383261E-05
         303  6.00696003E-05
         304  6.00245185E-05
         305  5.98535480E-05
         306  5.98139814E-05
         307  5.96393147E-05
         308  5.96084064E-05
         309  5.94290977E-05
         310  5.94035191E-05
         311  5.92221659E-05
         312  5.92026372E-05
         313  5.90172131E-05
         314  5.90029595E-05
         315  5.88149960E-05
         316  5.88058501E-05
         317  5.86140523E-05
         318  5.86120550E-05
         319  5.84168120E-05
         320  5.62737878E-05
         321  5.49379474E-05
         322  5.48303033E-05
         323  5.47444943E-05
         324  5.46548981E-05
         325  5.45551302E-05
         326  5.44789473E-05
         327  5.43677634E-05
         328  5.43085043E-05
         329  5.41829359E-05
         330  5.41394002E-05
         331  5.40015280E-05
         332  5.39708126E-05
         333  5.38233107E-05
         334  5.38054264E-05
         335  5.36458574E-05
         336  5.36418265E-05
         337  5.34714345E-05
         338  5.25764226E-05
         339  5.24879688E-05
         340  5.24187453E-05
         341  5.23163144E-05
         342  5.22659284E-05
         343  5.21472612E-05
         344  5.21120164E-05
         345  5.19799542E-05
         346  5.19625319E-05
         347  5.18164379E-05
         348  5.18123743E-05
         349  5.16519613E-05
         350  5.10779064E-05
         351  5.09643869E-05
         352  5.09338824E-05
         353  5.08019912E-05
         354  5.07921795E-05
         355  5.06419492E-05
         356  5.02705043E-05
         357  5.01436807E-05
         358  5.01329523E-05
         359  4.99881135E-05
         360  4.97490219E-05
         361  4.96113316E-05
         362  4.94563355E-05
         363  4.94351189E-05
         364  4.93345651E-05
         365  4.92674662E-05
         366  4.92112958E-05
         367  4.91088904E-05
         368  4.90866405E-05
         369  4.89564227E-05
         370  4.88340011E-05
         371  4.87898687E-05
         372  4.87181314E-05
         373  4.86330136E-05
         374  4.85999153E-05
         375  4.84841621E-05
         376  4.84800985E-05
         377  4.83393815E-05
         378  4.82531432E-05
         379  4.81787392E-05
         380  4.81418974E-05
         381  4.80317212E-05
         382  4.80259514E-05
         383  4.78915572E-05
         384  4.78244983E-05
         385  4.77355425E-05
         386  4.77155481E-05
         387  4.75950073E-05
         388  4.75362067E-05
         389  4.74446606E-05
         390  4.74294502E-05
         391  4.73060791E-05
         392  4.72644751E-05
         393  4.71591156E-05
         394  4.71580643E-05
         395  4.70277737E-05
         396  4.70044542E-05
         397  4.68921135E-05
         398  4.68642684E-05
         399  4.67553655E-05
         400  4.67322607E-05
         401  4.66213605E-05
         402  4.66066631E-05
         403  4.64969489E-05
         404  4.64836085E-05
         405  4.63781835E-05
         406  4.63735996E-05
         407  4.62641547E-05
         408  4.62591634E-05
         409  4.61491763E-05
         410  4.61469863E-05
         411  4.60363954E-05
         412  4.60358788E-05
         413  4.59255207E-05
         414  4.59233852E-05
         415  4.58138857E-05
         416  4.58114118E-05
         417  4.57031238E-05
         418  4.57022288E-05
         419  4.55931986E-05
         420  4.55931549E-05
         421  4.54849323E-05
         422  4.54738911E-05
         423  4.53758585E-05
         424  4.53671164E-05
         425  4.52680142E-05
         426  4.52613276E-05
         427  4.51631313E-05
         428  4.51561318E-05
         429  4.50571060E-05
         430  4.50520711E-05
         431  4.49528452E-05
         432  4.49471372E-05
         433  4.48492465E-05
         434  4.48422252E-05
         435  4.47442908E-05
         436  4.47373168E-05
         437  4.46400445E-05
         438  4.46363047E-05
         439  4.45386177E-05
         440  4.45335281E-05
         441  4.44365178E-05
         442  4.44310608E-05
         443  4.43349381E-05
         444  4.43308418E-05
         445  4.42342644E-05
         446  4.42324308E-05
         447  4.41361226E-05
         448  4.41306474E-05
         449  4.40348740E-05
         450  4.40319018E-05
         451  4.39369287E-05
         452  4.39356991E-05
         453  4.38399147E-05
         454  4.38385068E-05
         455  4.37431845E-05
         456  4.37415074E-05
         457  4.36463306E-05
         458  4.36452174E-05
         459  4.35514048E-05
         460  4.35475777E-05
         461  4.34534340E-05
         462  4.34522844E-05
         463  4.33580608E-05
         464  4.33575806E-05
         465  4.32625275E-05
         466  4.32606030E-05
         467  4.31672888E-05
