  1  0.2195294E+00
  2  0.2718275E+00
  3  0.2900672E+00
  4  0.2897407E+00
  5  0.2694472E+00
  6  0.2334710E+00
  7  0.1484476E+00
  8  0.7688970E-01
  9  0.1347916E-01
 10 -0.8934874E-01
 11 -0.2190670E+00
 12 -0.2184005E+00
 13 -0.2711746E+00
 14 -0.2886662E+00
 15 -0.2888430E+00
 16 -0.2685087E+00
 17 -0.2331038E+00
 18 -0.1481891E+00
 19 -0.7631843E-01
 20 -0.1199659E-01
 21  0.8947115E-01
 22  0.2196654E+00
  1  0.1736518E+00
  2  0.2472744E+00
  3  0.2832257E+00
  4  0.2943776E+00
  5  0.2834653E+00
  6  0.2462875E+00
  7  0.1496278E+00
  8  0.7118355E-01
  9  0.1339362E-02
 10 -0.1116041E+00
 11 -0.2649117E+00
 12 -0.1744554E+00
 13 -0.2480216E+00
 14 -0.2846778E+00
 15 -0.2956183E+00
 16 -0.2884985E+00
 17 -0.2565512E+00
 18 -0.1798974E+00
 19 -0.1195275E+00
 20 -0.6389460E-01
 21  0.3053745E-01
 22  0.1721291E+00
  1  0.9634583E-01
  2  0.1669297E+00
  3  0.2110279E+00
  4  0.2342404E+00
  5  0.2463087E+00
  6  0.2370793E+00
  7  0.2244878E+00
  8  0.2370682E+00
  9  0.2553487E+00
 10  0.2951607E+00
 11  0.3876767E+00
 12 -0.7719690E-01
 13 -0.1365252E+00
 14 -0.1676867E+00
 15 -0.1766934E+00
 16 -0.1599381E+00
 17 -0.1065660E+00
 18  0.4553437E-01
 19  0.1428377E+00
 20  0.2034128E+00
 21  0.2610712E+00
 22  0.2906518E+00
  1  0.3648408E-01
  2  0.7479996E-01
  3  0.9485860E-01
  4  0.9892505E-01
  5  0.8012056E-01
  6  0.2670939E-01
  7 -0.1268810E+00
  8 -0.2175515E+00
  9 -0.2731822E+00
 10 -0.3332669E+00
 11 -0.4235497E+00
 12 -0.8542595E-01
 13 -0.1325892E+00
 14 -0.1600967E+00
 15 -0.1741051E+00
 16 -0.1824584E+00
 17 -0.1824584E+00
 18 -0.1943081E+00
 19 -0.2182964E+00
 20 -0.2435160E+00
 21 -0.2921995E+00
 22 -0.4014313E+00
  1  0.6979488E-01
  2  0.1276318E+00
  3  0.1648316E+00
  4  0.1857928E+00
  5  0.2000363E+00
  6  0.1995017E+00
  7  0.2024565E+00
  8  0.2231820E+00
  9  0.2468580E+00
 10  0.2935325E+00
 11  0.4029305E+00
 12 -0.3329378E-01
 13 -0.7916848E-01
 14 -0.1052563E+00
 15 -0.1141838E+00
 16 -0.9970877E-01
 17 -0.4892628E-01
 18  0.1078702E+00
 19  0.2065856E+00
 20  0.2698101E+00
 21  0.3391799E+00
 22  0.3887165E+00
  1  0.8191856E-02
  2  0.4978273E-01
  3  0.7540970E-01
  4  0.8541314E-01
  5  0.7460034E-01
  6  0.2733644E-01
  7 -0.1270078E+00
  8 -0.2194706E+00
  9 -0.2759399E+00
 10 -0.3379840E+00
 11 -0.4316041E+00
 12 -0.5767202E-01
 13 -0.1116490E+00
 14 -0.1464776E+00
 15 -0.1670896E+00
 16 -0.1826338E+00
 17 -0.1846571E+00
 18 -0.1935600E+00
 19 -0.2171144E+00
 20 -0.2435016E+00
 21 -0.2949333E+00
 22 -0.4167748E+00
  1  0.6058648E-01
  2  0.1186875E+00
  3  0.1567219E+00
  4  0.1789456E+00
  5  0.1950638E+00
  6  0.1959865E+00
  7  0.2028776E+00
  8  0.2270549E+00
  9  0.2549603E+00
 10  0.3092625E+00
 11  0.4339849E+00
 12 -0.7123909E-02
 13 -0.5282666E-01
 14 -0.8140127E-01
 15 -0.9295996E-01
 16 -0.8225331E-01
 17 -0.3128452E-01
 18  0.1298222E+00
 19  0.2216101E+00
 20  0.2727036E+00
 21  0.3187763E+00
 22  0.3737517E+00
  1  0.3841943E-02
  2  0.4243550E-01
  3  0.6611116E-01
  4  0.7440090E-01
  5  0.6103936E-01
  6  0.1129001E-01
  7 -0.1425836E+00
  8 -0.2298817E+00
  9 -0.2809189E+00
 10 -0.3364257E+00
 11 -0.4311429E+00
 12 -0.5459984E-01
 13 -0.1068742E+00
 14 -0.1416440E+00
 15 -0.1616446E+00
 16 -0.1770414E+00
 17 -0.1800271E+00
 18 -0.1911285E+00
 19 -0.2163968E+00
 20 -0.2445347E+00
 21 -0.2975855E+00
 22 -0.4209594E+00
  1  0.3799368E-01
  2  0.1019101E+00
  3  0.1466868E+00
  4  0.1747726E+00
  5  0.1984735E+00
  6  0.2023501E+00
  7  0.2062016E+00
  8  0.2304233E+00
  9  0.2592525E+00
 10  0.3153315E+00
 11  0.4429460E+00
 12  0.3628846E-02
 13 -0.4250033E-01
 14 -0.7158570E-01
 15 -0.8293424E-01
 16 -0.7108169E-01
 17 -0.1782922E-01
 18  0.1480014E+00
 19  0.2371224E+00
 20  0.2830667E+00
 21  0.3161044E+00
 22  0.3463196E+00
  1 -0.2241539E-01
  2  0.1653553E-01
  3  0.4279334E-01
  4  0.5379039E-01
  5  0.4558619E-01
  6 -0.1972060E-02
  7 -0.1568932E+00
  8 -0.2393348E+00
  9 -0.2832068E+00
 10 -0.3273402E+00
 11 -0.4198963E+00
 12 -0.3107720E-01
 13 -0.8748974E-01
 14 -0.1283837E+00
 15 -0.1542020E+00
 16 -0.1777433E+00
 17 -0.1845783E+00
 18 -0.1954192E+00
 19 -0.2212775E+00
 20 -0.2509056E+00
 21 -0.3072274E+00
 22 -0.4333739E+00
  1  0.3191523E-01
  2  0.9115887E-01
  3  0.1346586E+00
  4  0.1617136E+00
  5  0.1861074E+00
  6  0.1927353E+00
  7  0.2026253E+00
  8  0.2295994E+00
  9  0.2602900E+00
 10  0.3187095E+00
 11  0.4485887E+00
 12  0.2400093E-01
 13 -0.1747693E-01
 14 -0.4511729E-01
 15 -0.5725640E-01
 16 -0.4826375E-01
 17  0.1775422E-02
 18  0.1622143E+00
 19  0.2443651E+00
 20  0.2854887E+00
 21  0.3211165E+00
 22  0.3620744E+00
  1 -0.2684462E-01
  2  0.1161875E-01
  3  0.3690242E-01
  4  0.4677968E-01
  5  0.3480360E-01
  6 -0.1738487E-01
  7 -0.1749433E+00
  8 -0.2488421E+00
  9 -0.2823105E+00
 10 -0.3085796E+00
 11 -0.3796951E+00
 12 -0.2962048E-01
 13 -0.8790231E-01
 14 -0.1305144E+00
 15 -0.1569566E+00
 16 -0.1810855E+00
 17 -0.1879048E+00
 18 -0.1995236E+00
 19 -0.2284632E+00
 20 -0.2600547E+00
 21 -0.3196379E+00
 22 -0.4497650E+00
  1  0.3039769E-01
  2  0.8586184E-01
  3  0.1262392E+00
  4  0.1516293E+00
  5  0.1751699E+00
  6  0.1826422E+00
  7  0.1957018E+00
  8  0.2246982E+00
  9  0.2559673E+00
 10  0.3144082E+00
 11  0.4454772E+00
 12  0.2498465E-01
 13 -0.1146271E-01
 14 -0.3503186E-01
 15 -0.4414370E-01
 16 -0.3271300E-01
 17  0.1741990E-01
 18  0.1725132E+00
 19  0.2505720E+00
 20  0.2904016E+00
 21  0.3313943E+00
 22  0.3809403E+00
  1 -0.3884348E-01
  2 -0.5031558E-02
  3  0.1770883E-01
  4  0.2698137E-01
  5  0.1763505E-01
  6 -0.2999609E-01
  7 -0.1805177E+00
  8 -0.2492624E+00
  9 -0.2796063E+00
 10 -0.3139242E+00
 11 -0.3918079E+00
 12 -0.2641568E-01
 13 -0.8099331E-01
 14 -0.1205957E+00
 15 -0.1460241E+00
 16 -0.1702964E+00
 17 -0.1785114E+00
 18 -0.1948428E+00
 19 -0.2267890E+00
 20 -0.2603339E+00
 21 -0.3213767E+00
 22 -0.4547621E+00
  1  0.2854515E-01
  2  0.8017492E-01
  3  0.1178918E+00
  4  0.1422418E+00
  5  0.1659182E+00
  6  0.1753974E+00
  7  0.1931816E+00
  8  0.2242085E+00
  9  0.2566415E+00
 10  0.3155138E+00
 11  0.4465435E+00
 12  0.3786728E-01
 13  0.7330839E-02
 14 -0.1381154E-01
 15 -0.2281323E-01
 16 -0.1337666E-01
 17  0.3283510E-01
 18  0.1795205E+00
 19  0.2509390E+00
 20  0.2872335E+00
 21  0.3281384E+00
 22  0.3988702E+00
  1 -0.4232930E-01
  2 -0.1078758E-01
  3  0.1201391E-01
  4  0.2241350E-01
  5  0.1488575E-01
  6 -0.3195396E-01
  7 -0.1801013E+00
  8 -0.2485855E+00
  9 -0.2805879E+00
 10 -0.3166158E+00
 11 -0.3958668E+00
 12 -0.2699666E-01
 13 -0.8030754E-01
 14 -0.1193943E+00
 15 -0.1452374E+00
 16 -0.1686694E+00
 17 -0.1784142E+00
 18 -0.1944397E+00
 19 -0.2256593E+00
 20 -0.2589608E+00
 21 -0.3201008E+00
 22 -0.4530160E+00
  1  0.1613114E-01
  2  0.6875989E-01
  3  0.1102414E+00
  4  0.1390820E+00
  5  0.1682985E+00
  6  0.1807447E+00
  7  0.1954845E+00
  8  0.2250395E+00
  9  0.2574112E+00
 10  0.3169962E+00
 11  0.4497611E+00
 12  0.4058936E-01
 13  0.9280791E-02
 14 -0.1258974E-01
 15 -0.2287552E-01
 16 -0.1444248E-01
 17  0.3110005E-01
 18  0.1794491E+00
 19  0.2525195E+00
 20  0.2890342E+00
 21  0.3282562E+00
 22  0.3921484E+00
  1 -0.2422085E-01
  2  0.3842209E-02
  3  0.1609519E-01
  4  0.1922801E-01
  5  0.4066224E-02
  6 -0.4563810E-01
  7 -0.1892559E+00
  8 -0.2509654E+00
  9 -0.2824702E+00
 10 -0.3181260E+00
 11 -0.4006656E+00
 12  0.2559209E-02
 13 -0.5136069E-01
 14 -0.9736536E-01
 15 -0.1294573E+00
 16 -0.1628017E+00
 17 -0.1776275E+00
 18 -0.1954876E+00
 19 -0.2274506E+00
 20 -0.2611684E+00
 21 -0.3220022E+00
 22 -0.4555868E+00
  1  0.2936501E-02
  2  0.5683581E-01
  3  0.1001469E+00
  4  0.1300081E+00
  5  0.1585742E+00
  6  0.1724235E+00
  7  0.1925296E+00
  8  0.2240541E+00
  9  0.2575415E+00
 10  0.3176321E+00
 11  0.4505642E+00
 12  0.2974573E-01
 13  0.1518181E-01
 14  0.3975667E-02
 15 -0.2384152E-02
 16  0.4137939E-02
 17  0.4533322E-01
 18  0.1832739E+00
 19  0.2526577E+00
 20  0.2870750E+00
 21  0.3280425E+00
 22  0.4084140E+00
  1 -0.4407286E-01
  2 -0.2267599E-01
  3 -0.6872081E-02
  4 -0.9812780E-03
  5 -0.1446836E-01
  6 -0.5845658E-01
  7 -0.1906501E+00
  8 -0.2512949E+00
  9 -0.2811001E+00
 10 -0.3178651E+00
 11 -0.4065500E+00
 12 -0.8831502E-02
 13 -0.5657867E-01
 14 -0.9399891E-01
 15 -0.1206408E+00
 16 -0.1531452E+00
 17 -0.1693912E+00
 18 -0.1921079E+00
 19 -0.2257723E+00
 20 -0.2605842E+00
 21 -0.3225865E+00
 22 -0.4586644E+00
  1  0.2773230E-02
  2  0.5486057E-01
  3  0.9680717E-01
  4  0.1251018E+00
  5  0.1522569E+00
  6  0.1660100E+00
  7  0.1880054E+00
  8  0.2205343E+00
  9  0.2541582E+00
 10  0.3142052E+00
 11  0.4510635E+00
 12  0.2985091E-01
 13  0.1915374E-01
 14  0.1145297E-01
 15  0.6721811E-02
 16  0.1626148E-01
 17  0.5790160E-01
 18  0.1892432E+00
 19  0.2524770E+00
 20  0.2870621E+00
 21  0.3305947E+00
 22  0.4173146E+00
  1 -0.2081770E-01
  2 -0.1166696E-01
  3 -0.3892085E-02
  4 -0.1942944E-02
  5 -0.1593710E-01
  6 -0.6227956E-01
  7 -0.1926768E+00
  8 -0.2527314E+00
  9 -0.2827649E+00
 10 -0.3207282E+00
 11 -0.4138842E+00
 12  0.9767397E-02
 13 -0.4336142E-01
 14 -0.8633239E-01
 15 -0.1165549E+00
 16 -0.1490272E+00
 17 -0.1655499E+00
 18 -0.1885957E+00
 19 -0.2221773E+00
 20 -0.2570325E+00
 21 -0.3192160E+00
 22 -0.4632851E+00
  1 -0.6910931E-02
  2  0.4366361E-01
  3  0.8435846E-01
  4  0.1132325E+00
  5  0.1447242E+00
  6  0.1615320E+00
  7  0.1874115E+00
  8  0.2217721E+00
  9  0.2560870E+00
 10  0.3167268E+00
 11  0.4515113E+00
 12  0.2186892E-01
 13  0.1415014E-01
 14  0.8860608E-02
 15  0.9114665E-02
 16  0.2481769E-01
 17  0.6764492E-01
 18  0.1943054E+00
 19  0.2523218E+00
 20  0.2850067E+00
 21  0.3315506E+00
 22  0.4223718E+00
  1 -0.3301426E-01
  2 -0.1141209E-01
  3 -0.3262034E-02
  4 -0.2819497E-02
  5 -0.1882626E-01
  6 -0.6572345E-01
  7 -0.1984628E+00
  8 -0.2503988E+00
  9 -0.2760459E+00
 10 -0.3046230E+00
 11 -0.3753803E+00
 12  0.7952256E-02
 13 -0.4129843E-01
 14 -0.8726695E-01
 15 -0.1200365E+00
 16 -0.1547103E+00
 17 -0.1744350E+00
 18 -0.1946291E+00
 19 -0.2302248E+00
 20 -0.2682076E+00
 21 -0.3347507E+00
 22 -0.4786021E+00
  1 -0.3041877E-01
  2  0.3143964E-01
  3  0.8360251E-01
  4  0.1200650E+00
  5  0.1558587E+00
  6  0.1671235E+00
  7  0.1661119E+00
  8  0.1961582E+00
  9  0.2417493E+00
 10  0.3311288E+00
 11  0.4917306E+00
 12  0.2609440E-01
 13  0.1630067E-01
 14  0.8961845E-02
 15  0.8129952E-02
 16  0.2462330E-01
 17  0.7428493E-01
 18  0.2226491E+00
 19  0.2756717E+00
 20  0.2955686E+00
 21  0.3144038E+00
 22  0.3598671E+00
  1 -0.2366134E-01
  2 -0.9172436E-02
  3  0.1796600E-02
  4  0.5713676E-02
  5 -0.8879114E-02
  6 -0.6385873E-01
  7 -0.2135448E+00
  8 -0.2677850E+00
  9 -0.2825631E+00
 10 -0.2901081E+00
 11 -0.3361047E+00
 12  0.3610106E-01
 13 -0.2905725E-01
 14 -0.8347263E-01
 15 -0.1218082E+00
 16 -0.1597650E+00
 17 -0.1701127E+00
 18 -0.1751949E+00
 19 -0.2120069E+00
 20 -0.2584191E+00
 21 -0.3447821E+00
 22 -0.5110491E+00
  1 -0.4193534E-01
  2  0.2759942E-01
  3  0.8414268E-01
  4  0.1227382E+00
  5  0.1583907E+00
  6  0.1605020E+00
  7  0.1316920E+00
  8  0.1585646E+00
  9  0.2128627E+00
 10  0.3261677E+00
 11  0.5259029E+00
 12  0.2713791E-01
 13  0.1130821E-01
 14 -0.1792547E-02
 15 -0.6588278E-02
 16  0.8717485E-02
 17  0.6582704E-01
 18  0.2345070E+00
 19  0.2950345E+00
 20  0.3117850E+00
 21  0.3171805E+00
 22  0.3294830E+00
  1 -0.2318537E-01
  2 -0.1600392E-01
  3 -0.9305645E-02
  4 -0.7984960E-02
  5 -0.2449890E-01
  6 -0.7322827E-01
  7 -0.2117804E+00
  8 -0.2639689E+00
  9 -0.2839027E+00
 10 -0.3060985E+00
 11 -0.3750050E+00
 12  0.3221185E-01
 13 -0.2693090E-01
 14 -0.7638503E-01
 15 -0.1114405E+00
 16 -0.1482246E+00
 17 -0.1627378E+00
 18 -0.1786881E+00
 19 -0.2164565E+00
 20 -0.2563508E+00
 21 -0.3332817E+00
 22 -0.4894805E+00
  1 -0.3052473E-01
  2  0.2679220E-01
  3  0.7429535E-01
  4  0.1077591E+00
  5  0.1411734E+00
  6  0.1499550E+00
  7  0.1420711E+00
  8  0.1762453E+00
  9  0.2251022E+00
 10  0.3195978E+00
 11  0.4915221E+00
 12  0.3016067E-01
 13  0.2016485E-01
 14  0.1210244E-01
 15  0.1075576E-01
 16  0.2704493E-01
 17  0.7271008E-01
 18  0.2135547E+00
 19  0.2758837E+00
 20  0.3052173E+00
 21  0.3345844E+00
 22  0.3984085E+00
  1 -0.3225159E-01
  2 -0.2804456E-01
  3 -0.2151833E-01
  4 -0.1981446E-01
  5 -0.3144897E-01
  6 -0.7397231E-01
  7 -0.2031325E+00
  8 -0.2549862E+00
  9 -0.2777653E+00
 10 -0.3050306E+00
 11 -0.4010513E+00
 12  0.3032197E-01
 13 -0.2547621E-01
 14 -0.7215808E-01
 15 -0.1057624E+00
 16 -0.1422845E+00
 17 -0.1597998E+00
 18 -0.1813617E+00
 19 -0.2184206E+00
 20 -0.2577736E+00
 21 -0.3314365E+00
 22 -0.4825949E+00
  1 -0.2515963E-01
  2  0.2771566E-01
  3  0.7112383E-01
  4  0.1014193E+00
  5  0.1318462E+00
  6  0.1415873E+00
  7  0.1466059E+00
  8  0.1831948E+00
  9  0.2302327E+00
 10  0.3164695E+00
 11  0.4735861E+00
 12  0.3558646E-01
 13  0.3150378E-01
 14  0.2694442E-01
 15  0.2678922E-01
 16  0.4074286E-01
 17  0.8218412E-01
 18  0.2053455E+00
 19  0.2577853E+00
 20  0.2856641E+00
 21  0.3308158E+00
 22  0.4489396E+00
  1 -0.3389775E-01
  2 -0.3160207E-01
  3 -0.2779820E-01
  4 -0.2751241E-01
  5 -0.4124920E-01
  6 -0.8200603E-01
  7 -0.1992083E+00
  8 -0.2452539E+00
  9 -0.2700047E+00
 10 -0.3115816E+00
 11 -0.4342264E+00
 12  0.2722351E-01
 13 -0.2574794E-01
 14 -0.6931767E-01
 15 -0.1012382E+00
 16 -0.1355926E+00
 17 -0.1539269E+00
 18 -0.1769225E+00
 19 -0.2143912E+00
 20 -0.2543123E+00
 21 -0.3255405E+00
 22 -0.4723039E+00
  1 -0.4432816E-01
  2  0.2041426E-01
  3  0.7580540E-01
  4  0.1125397E+00
  5  0.1414930E+00
  6  0.1375556E+00
  7  0.1141905E+00
  8  0.1603218E+00
  9  0.2283744E+00
 10  0.3508621E+00
 11  0.5329637E+00
 12  0.4208290E-01
 13  0.3099378E-01
 14  0.1989595E-01
 15  0.1531831E-01
 16  0.2851985E-01
 17  0.8057468E-01
 18  0.2377039E+00
 19  0.2928773E+00
 20  0.3004058E+00
 21  0.3007738E+00
 22  0.3294788E+00
  1 -0.4224718E-01
  2 -0.3321939E-01
  3 -0.2231336E-01
  4 -0.1646412E-01
  5 -0.2841434E-01
  6 -0.7832114E-01
  7 -0.2195347E+00
  8 -0.2651159E+00
  9 -0.2822936E+00
 10 -0.2993620E+00
 11 -0.3834798E+00
 12  0.5831508E-01
 13 -0.6834328E-02
 14 -0.5970733E-01
 15 -0.9491879E-01
 16 -0.1283221E+00
 17 -0.1377242E+00
 18 -0.1258703E+00
 19 -0.1688311E+00
 20 -0.2308063E+00
 21 -0.3449431E+00
 22 -0.5352513E+00
  1 -0.6709703E-01
  2  0.1339423E-02
  3  0.5865439E-01
  4  0.9844048E-01
  5  0.1344244E+00
  6  0.1335718E+00
  7  0.1033707E+00
  8  0.1481369E+00
  9  0.2189981E+00
 10  0.3470603E+00
 11  0.5450194E+00
 12  0.3369932E-01
 13  0.1579047E-01
 14  0.1764524E-02
 15 -0.3391306E-02
 16  0.1300238E-01
 17  0.7264234E-01
 18  0.2388496E+00
 19  0.2930630E+00
 20  0.3012776E+00
 21  0.3027358E+00
 22  0.3408358E+00
  1 -0.4252550E-01
  2 -0.3671927E-01
  3 -0.2930228E-01
  4 -0.2643573E-01
  5 -0.3860117E-01
  6 -0.8047201E-01
  7 -0.2025652E+00
  8 -0.2490400E+00
  9 -0.2726448E+00
 10 -0.3209498E+00
 11 -0.4650353E+00
 12  0.5021719E-01
 13 -0.3671035E-02
 14 -0.4974984E-01
 15 -0.8334213E-01
 16 -0.1175802E+00
 17 -0.1299882E+00
 18 -0.1360138E+00
 19 -0.1788497E+00
 20 -0.2319317E+00
 21 -0.3253736E+00
 22 -0.4876876E+00
  1 -0.4932434E-01
  2  0.5044762E-02
  3  0.5139724E-01
  4  0.8427411E-01
  5  0.1173518E+00
  6  0.1241800E+00
  7  0.1199347E+00
  8  0.1601373E+00
  9  0.2181927E+00
 10  0.3229606E+00
 11  0.4908486E+00
 12  0.4397390E-01
 13  0.3489911E-01
 14  0.2633622E-01
 15  0.2334084E-01
 16  0.3576915E-01
 17  0.7982263E-01
 18  0.2101526E+00
 19  0.2620635E+00
 20  0.2880995E+00
 21  0.3310116E+00
 22  0.4563782E+00
  1 -0.4515043E-01
  2 -0.3760492E-01
  3 -0.2869849E-01
  4 -0.2550977E-01
  5 -0.3697223E-01
  6 -0.7965675E-01
  7 -0.2035699E+00
  8 -0.2480011E+00
  9 -0.2693001E+00
 10 -0.3147299E+00
 11 -0.4609136E+00
 12  0.5006599E-01
 13 -0.5081405E-02
 14 -0.5223086E-01
 15 -0.8623067E-01
 16 -0.1215193E+00
 17 -0.1319597E+00
 18 -0.1409238E+00
 19 -0.1854379E+00
 20 -0.2395813E+00
 21 -0.3320507E+00
 22 -0.4833392E+00
  1 -0.4996872E-01
  2  0.4703300E-02
  3  0.5112423E-01
  4  0.8407261E-01
  5  0.1170499E+00
  6  0.1242158E+00
  7  0.1203611E+00
  8  0.1645740E+00
  9  0.2232379E+00
 10  0.3242658E+00
 11  0.4911183E+00
 12  0.4712327E-01
 13  0.3676879E-01
 14  0.2740913E-01
 15  0.2399495E-01
 16  0.3587687E-01
 17  0.8003733E-01
 18  0.2098213E+00
 19  0.2619277E+00
 20  0.2877625E+00
 21  0.3303865E+00
 22  0.4513651E+00
  1 -0.4719932E-01
  2 -0.3789854E-01
  3 -0.2869561E-01
  4 -0.2509271E-01
  5 -0.3596604E-01
  6 -0.7698872E-01
  7 -0.1978692E+00
  8 -0.2439275E+00
  9 -0.2689206E+00
 10 -0.3175544E+00
 11 -0.4584535E+00
 12  0.4947253E-01
 13 -0.4553416E-02
 14 -0.5056283E-01
 15 -0.8439894E-01
 16 -0.1213644E+00
 17 -0.1359263E+00
 18 -0.1476558E+00
 19 -0.1938784E+00
 20 -0.2468489E+00
 21 -0.3328292E+00
 22 -0.4787656E+00
  1 -0.4822879E-01
  2  0.5704518E-02
  3  0.5164080E-01
  4  0.8452242E-01
  5  0.1187927E+00
  6  0.1294065E+00
  7  0.1345159E+00
  8  0.1785805E+00
  9  0.2343147E+00
 10  0.3274828E+00
 11  0.4846373E+00
 12  0.4906540E-01
 13  0.3812039E-01
 14  0.2849326E-01
 15  0.2503812E-01
 16  0.3649201E-01
 17  0.7886103E-01
 18  0.2051591E+00
 19  0.2573260E+00
 20  0.2844669E+00
 21  0.3298943E+00
 22  0.4461581E+00
  1 -0.5089578E-01
  2 -0.4052124E-01
  3 -0.3101124E-01
  4 -0.2727122E-01
  5 -0.3728611E-01
  6 -0.7742868E-01
  7 -0.1975849E+00
  8 -0.2440421E+00
  9 -0.2704419E+00
 10 -0.3183152E+00
 11 -0.4570073E+00
 12  0.5016784E-01
 13 -0.4661628E-02
 14 -0.5186753E-01
 15 -0.8574561E-01
 16 -0.1219735E+00
 17 -0.1364356E+00
 18 -0.1481710E+00
 19 -0.1936495E+00
 20 -0.2458922E+00
 21 -0.3318471E+00
 22 -0.4781713E+00
  1 -0.4960770E-01
  2  0.4943258E-02
  3  0.5155483E-01
  4  0.8457288E-01
  5  0.1197253E+00
  6  0.1300366E+00
  7  0.1351117E+00
  8  0.1804783E+00
  9  0.2359500E+00
 10  0.3292269E+00
 11  0.4863240E+00
 12  0.5192067E-01
 13  0.3979747E-01
 14  0.2955205E-01
 15  0.2560576E-01
 16  0.3667478E-01
 17  0.7946318E-01
 18  0.2063754E+00
 19  0.2588162E+00
 20  0.2856201E+00
 21  0.3300903E+00
 22  0.4375798E+00
  1 -0.5299751E-01
  2 -0.4181664E-01
  3 -0.3160414E-01
  4 -0.2688029E-01
  5 -0.3742128E-01
  6 -0.7829690E-01
  7 -0.1943419E+00
  8 -0.2428910E+00
  9 -0.2695061E+00
 10 -0.3173879E+00
 11 -0.4601678E+00
 12  0.5088110E-01
 13 -0.4152407E-02
 14 -0.5089992E-01
 15 -0.8510295E-01
 16 -0.1210597E+00
 17 -0.1354451E+00
 18 -0.1468501E+00
 19 -0.1922340E+00
 20 -0.2435856E+00
 21 -0.3295286E+00
 22 -0.4821001E+00
  1 -0.4852948E-01
  2  0.4965917E-02
  3  0.5097377E-01
  4  0.8369771E-01
  5  0.1180321E+00
  6  0.1296972E+00
  7  0.1379513E+00
  8  0.1841777E+00
  9  0.2394096E+00
 10  0.3313884E+00
 11  0.4825042E+00
 12  0.5765439E-01
 13  0.4735608E-01
 14  0.3904314E-01
 15  0.3680729E-01
 16  0.4953645E-01
 17  0.9156014E-01
 18  0.2088005E+00
 19  0.2554035E+00
 20  0.2811341E+00
 21  0.3269655E+00
 22  0.4362475E+00
  1 -0.5819652E-01
  2 -0.4737521E-01
  3 -0.3902535E-01
  4 -0.3634996E-01
  5 -0.4786399E-01
  6 -0.8682299E-01
  7 -0.1946914E+00
  8 -0.2378374E+00
  9 -0.2652387E+00
 10 -0.3154867E+00
 11 -0.4606163E+00
 12  0.3113353E-01
 13 -0.1450664E-01
 14 -0.5823212E-01
 15 -0.8909860E-01
 16 -0.1197514E+00
 17 -0.1328176E+00
 18 -0.1510824E+00
 19 -0.1979947E+00
 20 -0.2480032E+00
 21 -0.3301148E+00
 22 -0.4776753E+00
  1 -0.5168976E-01
  2  0.2033608E-01
  3  0.7231795E-01
  4  0.1097476E+00
  5  0.1463521E+00
  6  0.1516442E+00
  7  0.1443706E+00
  8  0.2042761E+00
  9  0.2791330E+00
 10  0.3991679E+00
 11  0.5363792E+00
 12  0.1018118E+00
 13  0.7310910E-01
 14  0.4773891E-01
 15  0.3575975E-01
 16  0.4538007E-01
 17  0.9385414E-01
 18  0.2281467E+00
 19  0.2498436E+00
 20  0.2413966E+00
 21  0.2305518E+00
 22  0.3027627E+00
  1 -0.9472220E-01
  2 -0.6955842E-01
  3 -0.4712639E-01
  4 -0.3490635E-01
  5 -0.3857040E-01
  6 -0.8193929E-01
  7 -0.2100053E+00
  8 -0.2429427E+00
  9 -0.2460330E+00
 10 -0.2634536E+00
 11 -0.4141907E+00
 12  0.3747945E-01
 13 -0.1720108E-01
 14 -0.6320826E-01
 15 -0.9558932E-01
 16 -0.1263687E+00
 17 -0.1284115E+00
 18 -0.1363873E+00
 19 -0.1955468E+00
 20 -0.2623300E+00
 21 -0.3651627E+00
 22 -0.5134571E+00
  1 -0.3981513E-01
  2  0.2018197E-01
  3  0.6987074E-01
  4  0.1031901E+00
  5  0.1302685E+00
  6  0.1247003E+00
  7  0.1088845E+00
  8  0.1739884E+00
  9  0.2551947E+00
 10  0.3804559E+00
 11  0.5312804E+00
 12  0.9348639E-01
 13  0.5985625E-01
 14  0.3463790E-01
 15  0.2240876E-01
 16  0.3242568E-01
 17  0.8937763E-01
 18  0.2363046E+00
 19  0.2617463E+00
 20  0.2595803E+00
 21  0.2580965E+00
 22  0.3664541E+00
  1 -0.7269032E-01
  2 -0.5172333E-01
  3 -0.3335039E-01
  4 -0.2391036E-01
  5 -0.2933784E-01
  6 -0.7236408E-01
  7 -0.1987388E+00
  8 -0.2470932E+00
  9 -0.2725550E+00
 10 -0.3191772E+00
 11 -0.4566089E+00
 12  0.2886265E-01
 13 -0.1833039E-01
 14 -0.5882462E-01
 15 -0.8852950E-01
 16 -0.1182681E+00
 17 -0.1258162E+00
 18 -0.1339069E+00
 19 -0.1842241E+00
 20 -0.2421108E+00
 21 -0.3337840E+00
 22 -0.4846365E+00
  1 -0.3324774E-01
  2  0.1918335E-01
  3  0.6322440E-01
  4  0.9294175E-01
  5  0.1185182E+00
  6  0.1139321E+00
  7  0.1013114E+00
  8  0.1579201E+00
  9  0.2291588E+00
 10  0.3412063E+00
 11  0.5049887E+00
 12  0.8182786E-01
 13  0.5402374E-01
 14  0.3270664E-01
 15  0.2331609E-01
 16  0.3365203E-01
 17  0.8412904E-01
 18  0.2278071E+00
 19  0.2760075E+00
 20  0.2872908E+00
 21  0.3060780E+00
 22  0.4194977E+00
  1 -0.7654675E-01
  2 -0.5517892E-01
  3 -0.3671468E-01
  4 -0.2694898E-01
  5 -0.3336249E-01
  6 -0.7556020E-01
  7 -0.1966177E+00
  8 -0.2443703E+00
  9 -0.2707901E+00
 10 -0.3171023E+00
 11 -0.4585743E+00
 12  0.2978600E-01
 13 -0.1748644E-01
 14 -0.5801418E-01
 15 -0.8721841E-01
 16 -0.1169308E+00
 17 -0.1244903E+00
 18 -0.1327630E+00
 19 -0.1841797E+00
 20 -0.2413125E+00
 21 -0.3330326E+00
 22 -0.4874684E+00
  1 -0.3428585E-01
  2  0.1866625E-01
  3  0.6253707E-01
  4  0.9216395E-01
  5  0.1186572E+00
  6  0.1192034E+00
  7  0.1174009E+00
  8  0.1768408E+00
  9  0.2458474E+00
 10  0.3520207E+00
 11  0.5000822E+00
 12  0.8187293E-01
 13  0.5358934E-01
 14  0.3212123E-01
 15  0.2204264E-01
 16  0.3214147E-01
 17  0.8212986E-01
 18  0.2233799E+00
 19  0.2646431E+00
 20  0.2737729E+00
 21  0.2943833E+00
 22  0.4217414E+00
  1 -0.7885500E-01
  2 -0.5961408E-01
  3 -0.4345554E-01
  4 -0.3505963E-01
  5 -0.4140119E-01
  6 -0.8243510E-01
  7 -0.1983406E+00
  8 -0.2413001E+00
  9 -0.2674524E+00
 10 -0.3158216E+00
 11 -0.4559692E+00
 12  0.2954359E-01
 13 -0.1718828E-01
 14 -0.5736922E-01
 15 -0.8664507E-01
 16 -0.1163311E+00
 17 -0.1252265E+00
 18 -0.1367133E+00
 19 -0.1885648E+00
 20 -0.2456011E+00
 21 -0.3336895E+00
 22 -0.4845173E+00
  1 -0.6126655E-01
  2  0.1067609E-01
  3  0.7129078E-01
  4  0.1121351E+00
  5  0.1476574E+00
  6  0.1387080E+00
  7  0.1149193E+00
  8  0.1882178E+00
  9  0.2770568E+00
 10  0.4079830E+00
 11  0.5490696E+00
 12  0.1180106E+00
 13  0.7419953E-01
 14  0.3986802E-01
 15  0.2241544E-01
 16  0.2914268E-01
 17  0.8356321E-01
 18  0.2136463E+00
 19  0.2217816E+00
 20  0.2044536E+00
 21  0.2037873E+00
 22  0.3695867E+00
  1 -0.9189421E-01
  2 -0.5891783E-01
  3 -0.3177283E-01
  4 -0.1917822E-01
  5 -0.2537111E-01
  6 -0.7290685E-01
  7 -0.2002362E+00
  8 -0.2277921E+00
  9 -0.2445250E+00
 10 -0.2954581E+00
 11 -0.4553888E+00
 12  0.4828684E-01
 13 -0.8869447E-02
 14 -0.5658483E-01
 15 -0.8918397E-01
 16 -0.1174854E+00
 17 -0.1199149E+00
 18 -0.1255891E+00
 19 -0.1902081E+00
 20 -0.2608246E+00
 21 -0.3608630E+00
 22 -0.4922858E+00
  1 -0.6653692E-01
  2  0.3795882E-02
  3  0.6323106E-01
  4  0.1026995E+00
  5  0.1345103E+00
  6  0.1249233E+00
  7  0.1006106E+00
  8  0.1746866E+00
  9  0.2657410E+00
 10  0.4021938E+00
 11  0.5579801E+00
 12  0.1191380E+00
 13  0.7278732E-01
 14  0.3615669E-01
 15  0.1596611E-01
 16  0.1843672E-01
 17  0.7212323E-01
 18  0.2106459E+00
 19  0.2282810E+00
 20  0.2112046E+00
 21  0.2107673E+00
 22  0.3883897E+00
  1 -0.8323006E-01
  2 -0.5221266E-01
  3 -0.2765222E-01
  4 -0.1584207E-01
  5 -0.2149204E-01
  6 -0.6580450E-01
  7 -0.2010023E+00
  8 -0.2483892E+00
  9 -0.2700195E+00
 10 -0.3151765E+00
 11 -0.4613968E+00
 12  0.4367825E-01
 13 -0.9294651E-02
 14 -0.5330017E-01
 15 -0.8319958E-01
 16 -0.1099259E+00
 17 -0.1103446E+00
 18 -0.1171075E+00
 19 -0.1776350E+00
 20 -0.2426356E+00
 21 -0.3415197E+00
 22 -0.4904211E+00
  1 -0.8114388E-01
  2 -0.7187707E-02
  3  0.5378124E-01
  4  0.9302309E-01
  5  0.1221783E+00
  6  0.1074240E+00
  7  0.8361620E-01
  8  0.1717759E+00
  9  0.2743969E+00
 10  0.4211741E+00
 11  0.5696485E+00
 12  0.1308242E+00
 13  0.7780076E-01
 14  0.3651164E-01
 15  0.1445501E-01
 16  0.1587982E-01
 17  0.7190095E-01
 18  0.2107932E+00
 19  0.2134120E+00
 20  0.1892556E+00
 21  0.1843316E+00
 22  0.3895705E+00
  1 -0.8369955E-01
  2 -0.5222897E-01
  3 -0.2839983E-01
  4 -0.1670590E-01
  5 -0.2431293E-01
  6 -0.7193679E-01
  7 -0.2072965E+00
  8 -0.2541330E+00
  9 -0.2760937E+00
 10 -0.3166571E+00
 11 -0.4596370E+00
 12  0.4300763E-01
 13 -0.1105731E-01
 14 -0.5590799E-01
 15 -0.8650411E-01
 16 -0.1141965E+00
 17 -0.1149758E+00
 18 -0.1196609E+00
 19 -0.1796993E+00
 20 -0.2446343E+00
 21 -0.3389640E+00
 22 -0.4773884E+00
  1 -0.6758744E-01
  2 -0.9398640E-03
  3  0.5351613E-01
  4  0.8902896E-01
  5  0.1151838E+00
  6  0.1019823E+00
  7  0.8249060E-01
  8  0.1612961E+00
  9  0.2541098E+00
 10  0.3899103E+00
 11  0.5455658E+00
 12  0.1183415E+00
 13  0.7184769E-01
 14  0.3588036E-01
 15  0.1725141E-01
 16  0.2083833E-01
 17  0.7530134E-01
 18  0.2150689E+00
 19  0.2330708E+00
 20  0.2238027E+00
 21  0.2364978E+00
 22  0.4248017E+00
  1 -0.8506684E-01
  2 -0.5223297E-01
  3 -0.2760833E-01
  4 -0.1539283E-01
  5 -0.2280799E-01
  6 -0.7018222E-01
  7 -0.2062648E+00
  8 -0.2526093E+00
  9 -0.2747830E+00
 10 -0.3165423E+00
 11 -0.4651365E+00
 12  0.4366819E-01
 13 -0.1118678E-01
 14 -0.5702408E-01
 15 -0.8821037E-01
 16 -0.1167050E+00
 17 -0.1173843E+00
 18 -0.1224306E+00
 19 -0.1806196E+00
 20 -0.2437371E+00
 21 -0.3395112E+00
 22 -0.4716193E+00
  1 -0.8676873E-01
  2 -0.9536899E-02
  3  0.5351702E-01
  4  0.9460603E-01
  5  0.1238352E+00
  6  0.1090502E+00
  7  0.8457889E-01
  8  0.1742452E+00
  9  0.2754565E+00
 10  0.4164467E+00
 11  0.5523236E+00
 12  0.1366431E+00
 13  0.8145241E-01
 14  0.3809078E-01
 15  0.1416331E-01
 16  0.1526553E-01
 17  0.6830043E-01
 18  0.1975396E+00
 19  0.2005947E+00
 20  0.1840305E+00
 21  0.1988480E+00
 22  0.4206365E+00
  1 -0.8826300E-01
  2 -0.5428180E-01
  3 -0.2799535E-01
  4 -0.1604982E-01
  5 -0.2357503E-01
  6 -0.7245702E-01
  7 -0.2121742E+00
  8 -0.2609285E+00
  9 -0.2835649E+00
 10 -0.3262590E+00
 11 -0.4697467E+00
 12  0.4663520E-01
 13 -0.1024501E-01
 14 -0.5700264E-01
 15 -0.8907611E-01
 16 -0.1173812E+00
 17 -0.1182728E+00
 18 -0.1155112E+00
 19 -0.1740856E+00
 20 -0.2370971E+00
 21 -0.3302001E+00
 22 -0.4600783E+00
  1 -0.7877137E-01
  2 -0.8085196E-02
  3  0.4914956E-01
  4  0.8633385E-01
  5  0.1126159E+00
  6  0.9879987E-01
  7  0.7606995E-01
  8  0.1574783E+00
  9  0.2524596E+00
 10  0.3924497E+00
 11  0.5367196E+00
 12  0.1245328E+00
 13  0.7480929E-01
 14  0.3565129E-01
 15  0.1482481E-01
 16  0.1796108E-01
 17  0.7306106E-01
 18  0.2172637E+00
 19  0.2321280E+00
 20  0.2191100E+00
 21  0.2326492E+00
 22  0.4399228E+00
  1 -0.8893326E-01
  2 -0.5464133E-01
  3 -0.2858621E-01
  4 -0.1609108E-01
  5 -0.2348629E-01
  6 -0.7250261E-01
  7 -0.2123869E+00
  8 -0.2616275E+00
  9 -0.2845657E+00
 10 -0.3267391E+00
 11 -0.4751548E+00
 12  0.4749347E-01
 13 -0.9865520E-02
 14 -0.5687688E-01
 15 -0.8858216E-01
 16 -0.1176169E+00
 17 -0.1180666E+00
 18 -0.1180383E+00
 19 -0.1769725E+00
 20 -0.2397752E+00
 21 -0.3295752E+00
 22 -0.4500922E+00
  1 -0.9628915E-01
  2 -0.1165276E-01
  3  0.5632167E-01
  4  0.1013001E+00
  5  0.1333026E+00
  6  0.1152131E+00
  7  0.8398785E-01
  8  0.1735222E+00
  9  0.2787395E+00
 10  0.4224708E+00
 11  0.5133196E+00
 12  0.1469827E+00
 13  0.8589695E-01
 14  0.3725858E-01
 15  0.9830603E-02
 16  0.8568308E-02
 17  0.6435620E-01
 18  0.2018021E+00
 19  0.2043302E+00
 20  0.1872161E+00
 21  0.2023741E+00
 22  0.4428484E+00
  1 -0.9095424E-01
  2 -0.5445647E-01
  3 -0.2669469E-01
  4 -0.1333927E-01
  5 -0.1908825E-01
  6 -0.6774836E-01
  7 -0.2101495E+00
  8 -0.2611031E+00
  9 -0.2854494E+00
 10 -0.3303191E+00
 11 -0.4833805E+00
 12  0.5238365E-01
 13 -0.7609671E-02
 14 -0.5461906E-01
 15 -0.8766250E-01
 16 -0.1167972E+00
 17 -0.1170233E+00
 18 -0.1092101E+00
 19 -0.1672135E+00
 20 -0.2341543E+00
 21 -0.3304161E+00
 22 -0.4490373E+00
  1 -0.8513670E-01
  2 -0.6449915E-02
  3  0.5785016E-01
  4  0.1003400E+00
  5  0.1334341E+00
  6  0.1193724E+00
  7  0.9426333E-01
  8  0.1765087E+00
  9  0.2724378E+00
 10  0.4050880E+00
 11  0.4921035E+00
 12  0.1354731E+00
 13  0.8107421E-01
 14  0.4001685E-01
 15  0.1806661E-01
 16  0.1977590E-01
 17  0.7268792E-01
 18  0.2141304E+00
 19  0.2294985E+00
 20  0.2141832E+00
 21  0.2287006E+00
 22  0.4443956E+00
  1 -0.9310003E-01
  2 -0.5536900E-01
  3 -0.2719032E-01
  4 -0.1353523E-01
  5 -0.1935643E-01
  6 -0.6811964E-01
  7 -0.2092201E+00
  8 -0.2620261E+00
  9 -0.2871220E+00
 10 -0.3343324E+00
 11 -0.4868606E+00
 12  0.4488059E-01
 13 -0.1391553E-01
 14 -0.6037619E-01
 15 -0.9043244E-01
 16 -0.1139995E+00
 17 -0.1145748E+00
 18 -0.1064010E+00
 19 -0.1629501E+00
 20 -0.2275642E+00
 21 -0.3286539E+00
 22 -0.4481302E+00
  1 -0.8225155E-01
  2 -0.6727433E-02
  3  0.5482249E-01
  4  0.9505949E-01
  5  0.1284340E+00
  6  0.1210137E+00
  7  0.1077606E+00
  8  0.1869081E+00
  9  0.2780890E+00
 10  0.4020480E+00
 11  0.4837579E+00
 12  0.1264858E+00
 13  0.7153276E-01
 14  0.3321132E-01
 15  0.1587342E-01
 16  0.1986626E-01
 17  0.7100899E-01
 18  0.2061259E+00
 19  0.2263127E+00
 20  0.2228392E+00
 21  0.2437396E+00
 22  0.4469722E+00
  1 -0.9310452E-01
  2 -0.5527311E-01
  3 -0.2767812E-01
  4 -0.1331607E-01
  5 -0.1984456E-01
  6 -0.7148210E-01
  7 -0.2144636E+00
  8 -0.2637360E+00
  9 -0.2879502E+00
 10 -0.3346763E+00
 11 -0.4862879E+00
 12  0.3791452E-01
 13 -0.2066386E-01
 14 -0.6513063E-01
 15 -0.9302787E-01
 16 -0.1155754E+00
 17 -0.1106822E+00
 18 -0.1076058E+00
 19 -0.1681186E+00
 20 -0.2325778E+00
 21 -0.3247496E+00
 22 -0.4417154E+00
  1 -0.1005271E+00
  2 -0.7080638E-02
  3  0.6879774E-01
  4  0.1185414E+00
  5  0.1508514E+00
  6  0.1285939E+00
  7  0.8839317E-01
  8  0.1806916E+00
  9  0.2852864E+00
 10  0.4237836E+00
 11  0.4767866E+00
 12  0.1343977E+00
 13  0.6322732E-01
 14  0.1324283E-01
 15 -0.1183902E-01
 16 -0.3382578E-02
 17  0.6973672E-01
 18  0.2227311E+00
 19  0.2165260E+00
 20  0.1911828E+00
 21  0.2004476E+00
 22  0.4500265E+00
  1 -0.9585240E-01
  2 -0.5678410E-01
  3 -0.2728211E-01
  4 -0.1261032E-01
  5 -0.1910822E-01
  6 -0.7198428E-01
  7 -0.2188883E+00
  8 -0.2697993E+00
  9 -0.2933561E+00
 10 -0.3380439E+00
 11 -0.4851119E+00
 12  0.4112755E-01
 13 -0.1838045E-01
 14 -0.6433324E-01
 15 -0.9327583E-01
 16 -0.1130941E+00
 17 -0.1043819E+00
 18 -0.9975822E-01
 19 -0.1661574E+00
 20 -0.2337462E+00
 21 -0.3236845E+00
 22 -0.4350239E+00
  1 -0.9308556E-01
  2 -0.6119947E-02
  3  0.6284021E-01
  4  0.1080753E+00
  5  0.1424694E+00
  6  0.1296928E+00
  7  0.1005856E+00
  8  0.1840448E+00
  9  0.2827545E+00
 10  0.4168209E+00
 11  0.4750660E+00
 12  0.1239238E+00
 13  0.5891982E-01
 14  0.1224841E-01
 15 -0.1098422E-01
 16 -0.3095753E-02
 17  0.6340075E-01
 18  0.2162342E+00
 19  0.2223950E+00
 20  0.2058923E+00
 21  0.2230987E+00
 22  0.4513018E+00
  1 -0.9997067E-01
  2 -0.5859296E-01
  3 -0.2742608E-01
  4 -0.1125903E-01
  5 -0.1505362E-01
  6 -0.6408001E-01
  7 -0.2153920E+00
  8 -0.2674452E+00
  9 -0.2921317E+00
 10 -0.3387482E+00
 11 -0.4919507E+00
 12  0.4404743E-01
 13 -0.1737317E-01
 14 -0.6446450E-01
 15 -0.9299714E-01
 16 -0.1125503E+00
 17 -0.1018737E+00
 18 -0.9519539E-01
 19 -0.1609656E+00
 20 -0.2295313E+00
 21 -0.3228043E+00
 22 -0.4374727E+00
  1 -0.1152450E+00
  2 -0.1151814E-01
  3  0.7152896E-01
  4  0.1255223E+00
  5  0.1602593E+00
  6  0.1352192E+00
  7  0.8785658E-01
  8  0.1864109E+00
  9  0.2945350E+00
 10  0.4314258E+00
 11  0.4488834E+00
 12  0.1492826E+00
 13  0.7155358E-01
 14  0.1342963E-01
 15 -0.1511756E-01
 16 -0.8817038E-02
 17  0.6760960E-01
 18  0.2256415E+00
 19  0.2068302E+00
 20  0.1751307E+00
 21  0.1860089E+00
 22  0.4620362E+00
  1 -0.1065080E+00
  2 -0.6213789E-01
  3 -0.2765726E-01
  4 -0.9090114E-02
  5 -0.1137755E-01
  6 -0.6046003E-01
  7 -0.2055880E+00
  8 -0.2614001E+00
  9 -0.2880950E+00
 10 -0.3373977E+00
 11 -0.5032061E+00
 12  0.4829040E-01
 13 -0.1630891E-01
 14 -0.6607033E-01
 15 -0.9648346E-01
 16 -0.1162990E+00
 17 -0.1045041E+00
 18 -0.9418143E-01
 19 -0.1598624E+00
 20 -0.2292885E+00
 21 -0.3200327E+00
 22 -0.4351721E+00
  1 -0.9919330E-01
  2 -0.7773731E-02
  3  0.6500632E-01
  4  0.1116771E+00
  5  0.1476956E+00
  6  0.1352971E+00
  7  0.9821536E-01
  8  0.1859348E+00
  9  0.2890061E+00
 10  0.4172122E+00
 11  0.4595534E+00
 12  0.1294774E+00
 13  0.6173466E-01
 14  0.1200910E-01
 15 -0.1146679E-01
 16 -0.4311825E-02
 17  0.6516456E-01
 18  0.2240851E+00
 19  0.2215620E+00
 20  0.2009275E+00
 21  0.2185695E+00
 22  0.4557643E+00
  1 -0.1099386E+00
  2 -0.6361371E-01
  3 -0.2869011E-01
  4 -0.1224382E-01
  5 -0.1842340E-01
  6 -0.6868626E-01
  7 -0.1979209E+00
  8 -0.2517807E+00
  9 -0.2790039E+00
 10 -0.3308553E+00
 11 -0.5061527E+00
 12  0.4776043E-01
 13 -0.1843469E-01
 14 -0.6875020E-01
 15 -0.9963808E-01
 16 -0.1208635E+00
 17 -0.1083690E+00
 18 -0.9836304E-01
 19 -0.1661529E+00
 20 -0.2380248E+00
 21 -0.3273222E+00
 22 -0.4325118E+00
  1 -0.1316520E+00
  2 -0.1744025E-01
  3  0.7102937E-01
  4  0.1232743E+00
  5  0.1531892E+00
  6  0.1188143E+00
  7  0.7393607E-01
  8  0.1894898E+00
  9  0.3131570E+00
 10  0.4540967E+00
 11  0.4354960E+00
 12  0.1688211E+00
 13  0.7883038E-01
 14  0.1310891E-01
 15 -0.2021138E-01
 16 -0.1438418E-01
 17  0.6766769E-01
 18  0.2220173E+00
 19  0.1953928E+00
 20  0.1554755E+00
 21  0.1645128E+00
 22  0.4587474E+00
  1 -0.1076615E+00
  2 -0.5533683E-01
  3 -0.1527155E-01
  4  0.6262975E-02
  5 -0.1314503E-02
  6 -0.6152485E-01
  7 -0.2002514E+00
  8 -0.2468170E+00
  9 -0.2734361E+00
 10 -0.3289436E+00
 11 -0.5213191E+00
 12  0.5196798E-01
 13 -0.2051985E-01
 14 -0.7546663E-01
 15 -0.1083889E+00
 16 -0.1271986E+00
 17 -0.1079211E+00
 18 -0.8780241E-01
 19 -0.1595532E+00
 20 -0.2349171E+00
 21 -0.3315102E+00
 22 -0.4229424E+00
  1 -0.1580810E+00
  2 -0.3580363E-01
  3  0.5869201E-01
  4  0.1157010E+00
  5  0.1489532E+00
  6  0.1107693E+00
  7  0.5602315E-01
  8  0.1824736E+00
  9  0.3155771E+00
 10  0.4672248E+00
 11  0.4295057E+00
 12  0.1845040E+00
 13  0.8185111E-01
 14  0.6931384E-02
 15 -0.3076216E-01
 16 -0.2780726E-01
 17  0.5360712E-01
 18  0.2120150E+00
 19  0.1798508E+00
 20  0.1347763E+00
 21  0.1457838E+00
 22  0.4706854E+00
  1 -0.1136690E+00
  2 -0.5335524E-01
  3 -0.8863605E-02
  4  0.1268464E-01
  5  0.6148373E-02
  6 -0.5878726E-01
  7 -0.2110827E+00
  8 -0.2463776E+00
  9 -0.2737301E+00
 10 -0.3296551E+00
 11 -0.5220580E+00
 12  0.6295239E-01
 13 -0.1967917E-01
 14 -0.8171971E-01
 15 -0.1184567E+00
 16 -0.1402129E+00
 17 -0.1183800E+00
 18 -0.8838579E-01
 19 -0.1570424E+00
 20 -0.2346032E+00
 21 -0.3344849E+00
 22 -0.4012099E+00
  1 -0.1599619E+00
  2 -0.3741919E-01
  3  0.5727758E-01
  4  0.1164775E+00
  5  0.1497719E+00
  6  0.1109032E+00
  7  0.5478724E-01
  8  0.1832153E+00
  9  0.3202553E+00
 10  0.4640622E+00
 11  0.4153607E+00
 12  0.1857570E+00
 13  0.8212690E-01
 14  0.6368458E-02
 15 -0.3218924E-01
 16 -0.2860409E-01
 17  0.5644232E-01
 18  0.2162500E+00
 19  0.1830199E+00
 20  0.1389496E+00
 21  0.1481964E+00
 22  0.4759844E+00
  1 -0.1222080E+00
  2 -0.5554450E-01
  3 -0.8193275E-02
  4  0.1556118E-01
  5  0.8579116E-02
  6 -0.5769850E-01
  7 -0.2149611E+00
  8 -0.2448923E+00
  9 -0.2653973E+00
 10 -0.3254998E+00
 11 -0.5218163E+00
 12  0.7131369E-01
 13 -0.1705926E-01
 14 -0.8393912E-01
 15 -0.1235483E+00
 16 -0.1467693E+00
 17 -0.1250766E+00
 18 -0.9054877E-01
 19 -0.1647798E+00
 20 -0.2408729E+00
 21 -0.3358236E+00
 22 -0.3903700E+00
  1 -0.1635621E+00
  2 -0.3886445E-01
  3  0.5794983E-01
  4  0.1183262E+00
  5  0.1528689E+00
  6  0.1128449E+00
  7  0.5485052E-01
  8  0.1799932E+00
  9  0.3194727E+00
 10  0.4595806E+00
 11  0.3986937E+00
 12  0.1900240E+00
 13  0.8371550E-01
 14  0.6041568E-02
 15 -0.3365007E-01
 16 -0.2900371E-01
 17  0.6072194E-01
 18  0.2224700E+00
 19  0.1894743E+00
 20  0.1436103E+00
 21  0.1533166E+00
 22  0.4819720E+00
  1 -0.1365387E+00
  2 -0.5799935E-01
  3 -0.6591483E-03
  4  0.2859222E-01
  5  0.2573718E-01
  6 -0.4593333E-01
  7 -0.2180318E+00
  8 -0.2366684E+00
  9 -0.2486452E+00
 10 -0.3149152E+00
 11 -0.5378537E+00
 12  0.9175459E-01
 13 -0.6574387E-02
 14 -0.7880527E-01
 15 -0.1206317E+00
 16 -0.1404271E+00
 17 -0.1152541E+00
 18 -0.7413424E-01
 19 -0.1573541E+00
 20 -0.2437576E+00
 21 -0.3424855E+00
 22 -0.3890666E+00
  1 -0.1738819E+00
  2 -0.4089547E-01
  3  0.6206330E-01
  4  0.1235782E+00
  5  0.1590204E+00
  6  0.1174298E+00
  7  0.3842779E-01
  8  0.1604467E+00
  9  0.3075663E+00
 10  0.4551484E+00
 11  0.3961593E+00
 12  0.2019986E+00
 13  0.8979224E-01
 14  0.7854502E-02
 15 -0.3423466E-01
 16 -0.3067576E-01
 17  0.6202730E-01
 18  0.2344358E+00
 19  0.1992872E+00
 20  0.1511493E+00
 21  0.1618731E+00
 22  0.4747210E+00
  1 -0.1543545E+00
  2 -0.6473371E-01
  3 -0.8037841E-03
  4  0.3371368E-01
  5  0.3220739E-01
  6 -0.4595791E-01
  7 -0.2321104E+00
  8 -0.2357242E+00
  9 -0.2319617E+00
 10 -0.2883279E+00
 11 -0.5553652E+00
 12  0.1040803E+00
 13 -0.6378554E-03
 14 -0.7763304E-01
 15 -0.1213692E+00
 16 -0.1443708E+00
 17 -0.1032270E+00
 18 -0.5267479E-01
 19 -0.1449613E+00
 20 -0.2445680E+00
 21 -0.3439247E+00
 22 -0.3845923E+00
  1 -0.1907323E+00
  2 -0.4639767E-01
  3  0.6485631E-01
  4  0.1336726E+00
  5  0.1717144E+00
  6  0.1177065E+00
  7  0.1583071E-01
  8  0.1469896E+00
  9  0.2979933E+00
 10  0.4548902E+00
 11  0.3841105E+00
 12  0.2204904E+00
 13  0.9803617E-01
 14  0.6933642E-02
 15 -0.3759081E-01
 16 -0.3328208E-01
 17  0.5804595E-01
 18  0.2461263E+00
 19  0.2084362E+00
 20  0.1487335E+00
 21  0.1440610E+00
 22  0.4688988E+00
  1 -0.1737399E+00
  2 -0.7465877E-01
  3 -0.6140494E-03
  4  0.3759186E-01
  5  0.3723307E-01
  6 -0.4529999E-01
  7 -0.2448420E+00
  8 -0.2479507E+00
  9 -0.2243640E+00
 10 -0.2564848E+00
 11 -0.5512695E+00
 12  0.1141193E+00
 13 -0.2656064E-02
 14 -0.8720706E-01
 15 -0.1338603E+00
 16 -0.1486505E+00
 17 -0.9719318E-01
 18 -0.3044481E-01
 19 -0.1422716E+00
 20 -0.2497833E+00
 21 -0.3555442E+00
 22 -0.3713097E+00
  1 -0.2050525E+00
  2 -0.5016913E-01
  3  0.7032340E-01
  4  0.1419590E+00
  5  0.1738968E+00
  6  0.1096106E+00
  7 -0.4104541E-02
  8  0.1315715E+00
  9  0.2913254E+00
 10  0.4603485E+00
 11  0.3774368E+00
 12  0.2307819E+00
 13  0.1029690E+00
 14  0.9291777E-02
 15 -0.3904485E-01
 16 -0.4205700E-01
 17  0.5632594E-01
 18  0.2528397E+00
 19  0.2035529E+00
 20  0.1380613E+00
 21  0.1232429E+00
 22  0.4706164E+00
  1 -0.1914632E+00
  2 -0.8151598E-01
  3 -0.2139925E-02
  4  0.4053563E-01
  5  0.3638396E-01
  6 -0.5186573E-01
  7 -0.2431353E+00
  8 -0.2468527E+00
  9 -0.2163104E+00
 10 -0.2392060E+00
 11 -0.5393920E+00
 12  0.1196815E+00
 13 -0.7351088E-02
 14 -0.9863539E-01
 15 -0.1501035E+00
 16 -0.1656689E+00
 17 -0.1080401E+00
 18 -0.2982031E-01
 19 -0.1410598E+00
 20 -0.2554464E+00
 21 -0.3653046E+00
 22 -0.3616448E+00
  1 -0.2585389E+00
  2 -0.7546700E-01
  3  0.6432680E-01
  4  0.1438929E+00
  5  0.1687622E+00
  6  0.7873061E-01
  7 -0.4241120E-01
  8  0.1101664E+00
  9  0.2890803E+00
 10  0.4938128E+00
 11  0.3123923E+00
 12  0.2771987E+00
 13  0.1138418E+00
 14 -0.6115341E-02
 15 -0.7205433E-01
 16 -0.7878160E-01
 17  0.3698624E-01
 18  0.2723425E+00
 19  0.2085531E+00
 20  0.1227971E+00
 21  0.5621093E-01
 22  0.4364526E+00
  1 -0.2281903E+00
  2 -0.9379280E-01
  3  0.3636902E-02
  4  0.5497171E-01
  5  0.5663810E-01
  6 -0.4713083E-01
  7 -0.2578019E+00
  8 -0.2259948E+00
  9 -0.1847217E+00
 10 -0.1823266E+00
 11 -0.5354484E+00
 12  0.1540393E+00
 13 -0.1612529E-02
 14 -0.1129626E+00
 15 -0.1733041E+00
 16 -0.1916343E+00
 17 -0.1181676E+00
 18 -0.4954804E-02
 19 -0.1242028E+00
 20 -0.2642140E+00
 21 -0.3985766E+00
 22 -0.3126120E+00
  1 -0.2703520E+00
  2 -0.7323817E-01
  3  0.6741217E-01
  4  0.1464340E+00
  5  0.1718777E+00
  6  0.7490335E-01
  7 -0.6947564E-01
  8  0.1076307E+00
  9  0.3035327E+00
 10  0.4874565E+00
 11  0.2617761E+00
 12  0.2913638E+00
 13  0.1154693E+00
 14 -0.1412647E-01
 15 -0.8059800E-01
 16 -0.7974635E-01
 17  0.3862959E-01
 18  0.2920036E+00
 19  0.2128038E+00
 20  0.1067960E+00
 21  0.3274426E-01
 22  0.4357978E+00
  1 -0.2518574E+00
  2 -0.1043377E+00
  3  0.4085914E-02
  4  0.6100535E-01
  5  0.6395785E-01
  6 -0.4746376E-01
  7 -0.2804133E+00
  8 -0.2304588E+00
  9 -0.1657069E+00
 10 -0.1620058E+00
 11 -0.5264602E+00
 12  0.1745854E+00
 13  0.2756593E-02
 14 -0.1216994E+00
 15 -0.1874868E+00
 16 -0.2073881E+00
 17 -0.1293640E+00
 18 -0.8535642E-03
 19 -0.1230847E+00
 20 -0.2557404E+00
 21 -0.4015810E+00
 22 -0.2664135E+00
