  1  0.2192584E+00
  2  0.3111175E+00
  3  0.3407875E+00
  4  0.3341314E+00
  5  0.2793721E+00
  6  0.1912217E+00
  7  0.4631026E-01
  8 -0.3868399E-02
  9 -0.2775422E-01
 10 -0.5418214E-01
 11 -0.8692230E-01
 12 -0.2204373E+00
 13 -0.3121245E+00
 14 -0.3408735E+00
 15 -0.3343893E+00
 16 -0.2794703E+00
 17 -0.1919463E+00
 18 -0.4868042E-01
 19  0.1252624E-02
 20  0.2462266E-01
 21  0.4671552E-01
 22  0.7200133E-01
  1  0.1063675E+00
  2  0.2663216E+00
  3  0.3437207E+00
  4  0.3636164E+00
  5  0.3286950E+00
  6  0.2385924E+00
  7  0.7234722E-01
  8  0.1792866E-01
  9 -0.5632493E-02
 10 -0.2695798E-01
 11 -0.5208756E-01
 12 -0.1041665E+00
 13 -0.2638347E+00
 14 -0.3391454E+00
 15 -0.3590671E+00
 16 -0.3220226E+00
 17 -0.2297971E+00
 18 -0.5830931E-01
 19 -0.1048510E-02
 20  0.2475698E-01
 21  0.4916733E-01
 22  0.7784106E-01
  1 -0.1502524E+00
  2  0.1279181E+00
  3  0.2885718E+00
  4  0.3579039E+00
  5  0.3589057E+00
  6  0.2648018E+00
  7  0.5674825E-01
  8 -0.1239872E-01
  9 -0.4200124E-01
 10 -0.6813874E-01
 11 -0.1102293E+00
 12  0.1260420E+00
 13 -0.1488485E+00
 14 -0.3083217E+00
 15 -0.3787577E+00
 16 -0.3826758E+00
 17 -0.2944426E+00
 18 -0.1073578E+00
 19 -0.5345554E-01
 20 -0.3869576E-01
 21 -0.3476493E-01
 22 -0.4515357E-01
  1 -0.1786985E+00
  2  0.5212369E-01
  3  0.1939641E+00
  4  0.2646215E+00
  5  0.2932756E+00
  6  0.2542973E+00
  7  0.1721173E+00
  8  0.1754249E+00
  9  0.1991431E+00
 10  0.2530026E+00
 11  0.3665168E+00
 12  0.2488752E+00
 13  0.2183552E-01
 14 -0.1145545E+00
 15 -0.1758376E+00
 16 -0.1808979E+00
 17 -0.1031053E+00
 18  0.8567984E-01
 19  0.1612278E+00
 20  0.2015744E+00
 21  0.2509898E+00
 22  0.3490687E+00
  1 -0.1371569E+00
  2 -0.3042744E-01
  3  0.2957142E-01
  4  0.5247730E-01
  5  0.4215723E-01
  6 -0.1222664E-01
  7 -0.1438973E+00
  8 -0.2091430E+00
  9 -0.2521472E+00
 10 -0.3143580E+00
 11 -0.4477915E+00
 12  0.4537178E-01
 13 -0.5786780E-01
 14 -0.1226436E+00
 15 -0.1569111E+00
 16 -0.1770274E+00
 17 -0.1720859E+00
 18 -0.1739027E+00
 19 -0.2073352E+00
 20 -0.2449908E+00
 21 -0.3133762E+00
 22 -0.4581116E+00
  1 -0.6248163E-01
  2  0.6064542E-01
  3  0.1364246E+00
  4  0.1748125E+00
  5  0.1945236E+00
  6  0.1829218E+00
  7  0.1721182E+00
  8  0.2031051E+00
  9  0.2407324E+00
 10  0.3095302E+00
 11  0.4524958E+00
 12  0.1480152E+00
 13  0.2472884E-01
 14 -0.4535432E-01
 15 -0.7318222E-01
 16 -0.6261466E-01
 17 -0.1943007E-02
 18  0.1414235E+00
 19  0.2082802E+00
 20  0.2500614E+00
 21  0.3087057E+00
 22  0.4330001E+00
  1 -0.1232933E+00
  2 -0.2767139E-01
  3  0.2505689E-01
  4  0.4430190E-01
  5  0.3084547E-01
  6 -0.2326001E-01
  7 -0.1509025E+00
  8 -0.2141929E+00
  9 -0.2558617E+00
 10 -0.3168065E+00
 11 -0.4503184E+00
 12  0.3282422E-01
 13 -0.5860392E-01
 14 -0.1156565E+00
 15 -0.1459362E+00
 16 -0.1641196E+00
 17 -0.1610216E+00
 18 -0.1691916E+00
 19 -0.2059919E+00
 20 -0.2461653E+00
 21 -0.3173148E+00
 22 -0.4672132E+00
  1 -0.3988411E-01
  2  0.6010178E-01
  3  0.1211575E+00
  4  0.1528765E+00
  5  0.1704883E+00
  6  0.1642293E+00
  7  0.1675315E+00
  8  0.2044409E+00
  9  0.2450768E+00
 10  0.3175551E+00
 11  0.4661558E+00
 12  0.1258862E+00
 13  0.2450249E-01
 14 -0.3184607E-01
 15 -0.5250584E-01
 16 -0.3854533E-01
 17  0.1879478E-01
 18  0.1522018E+00
 19  0.2157221E+00
 20  0.2563722E+00
 21  0.3152498E+00
 22  0.4424622E+00
  1 -0.1110766E+00
  2 -0.2712599E-01
  3  0.1847050E-01
  4  0.3334269E-01
  5  0.1783244E-01
  6 -0.3463297E-01
  7 -0.1571647E+00
  8 -0.2181658E+00
  9 -0.2588753E+00
 10 -0.3192038E+00
 11 -0.4530046E+00
 12  0.2081634E-01
 13 -0.5754623E-01
 14 -0.1068734E+00
 15 -0.1337804E+00
 16 -0.1507999E+00
 17 -0.1502075E+00
 18 -0.1654688E+00
 19 -0.2057514E+00
 20 -0.2476676E+00
 21 -0.3210565E+00
 22 -0.4743850E+00
  1 -0.2401811E-01
  2  0.5825636E-01
  3  0.1093047E+00
  4  0.1361864E+00
  5  0.1526735E+00
  6  0.1504855E+00
  7  0.1640233E+00
  8  0.2049510E+00
  9  0.2475044E+00
 10  0.3221535E+00
 11  0.4743764E+00
 12  0.1104920E+00
 13  0.2521771E-01
 14 -0.2136224E-01
 15 -0.3688190E-01
 16 -0.2092919E-01
 17  0.3345598E-01
 18  0.1591080E+00
 19  0.2202909E+00
 20  0.2602564E+00
 21  0.3191955E+00
 22  0.4482368E+00
  1 -0.1001040E+00
  2 -0.2699001E-01
  3  0.1175468E-01
  4  0.2355054E-01
  5  0.6397537E-02
  6 -0.4451673E-01
  7 -0.1619290E+00
  8 -0.2210032E+00
  9 -0.2609657E+00
 10 -0.3213005E+00
 11 -0.4559481E+00
 12  0.1118302E-01
 13 -0.5539887E-01
 14 -0.9825446E-01
 15 -0.1217876E+00
 16 -0.1380855E+00
 17 -0.1401330E+00
 18 -0.1626479E+00
 19 -0.2056206E+00
 20 -0.2492047E+00
 21 -0.3242997E+00
 22 -0.4794305E+00
  1 -0.1311951E-01
  2  0.5556176E-01
  3  0.9873191E-01
  4  0.1221333E+00
  5  0.1381077E+00
  6  0.1395291E+00
  7  0.1612922E+00
  8  0.2052282E+00
  9  0.2494067E+00
 10  0.3254256E+00
 11  0.4798087E+00
 12  0.9834989E-01
 13  0.2585012E-01
 14 -0.1300078E-01
 15 -0.2495014E-01
 16 -0.7571598E-02
 17  0.4445732E-01
 18  0.1637926E+00
 19  0.2230231E+00
 20  0.2626691E+00
 21  0.3216862E+00
 22  0.4526232E+00
  1 -0.9060276E-01
  2 -0.2727963E-01
  3  0.5710945E-02
  4  0.1445736E-01
  5 -0.3374865E-02
  6 -0.5272751E-01
  7 -0.1652907E+00
  8 -0.2228823E+00
  9 -0.2623434E+00
 10 -0.3226470E+00
 11 -0.4590626E+00
 12  0.3249577E-02
 13 -0.5278619E-01
 14 -0.8991446E-01
 15 -0.1105934E+00
 16 -0.1268651E+00
 17 -0.1318592E+00
 18 -0.1604536E+00
 19 -0.2057320E+00
 20 -0.2502364E+00
 21 -0.3263517E+00
 22 -0.4832845E+00
  1 -0.4333052E-02
  2  0.5317945E-01
  3  0.8996274E-01
  4  0.1104307E+00
  5  0.1259215E+00
  6  0.1305609E+00
  7  0.1592124E+00
  8  0.2053783E+00
  9  0.2506890E+00
 10  0.3278849E+00
 11  0.4833311E+00
 12  0.8879098E-01
 13  0.2665780E-01
 14 -0.6059635E-02
 15 -0.1500060E-01
 16  0.3359562E-02
 17  0.5302883E-01
 18  0.1670693E+00
 19  0.2247154E+00
 20  0.2639579E+00
 21  0.3233740E+00
 22  0.4562214E+00
  1 -0.8246069E-01
  2 -0.2743640E-01
  3  0.2125500E-03
  4  0.6842048E-02
  5 -0.1205508E-01
  6 -0.5945214E-01
  7 -0.1675743E+00
  8 -0.2241538E+00
  9 -0.2632250E+00
 10 -0.3236312E+00
 11 -0.4616213E+00
 12 -0.3217595E-02
 13 -0.5023873E-01
 14 -0.8213710E-01
 15 -0.1010088E+00
 16 -0.1172245E+00
 17 -0.1245416E+00
 18 -0.1585385E+00
 19 -0.2057920E+00
 20 -0.2512373E+00
 21 -0.3281971E+00
 22 -0.4860265E+00
  1  0.2249222E-02
  2  0.5036972E-01
  3  0.8168314E-01
  4  0.1000984E+00
  5  0.1157762E+00
  6  0.1231810E+00
  7  0.1575426E+00
  8  0.2056631E+00
  9  0.2516603E+00
 10  0.3294421E+00
 11  0.4856553E+00
 12  0.8039679E-01
 13  0.2715705E-01
 14 -0.3226446E-03
 15 -0.6831282E-02
 16  0.1195474E-01
 17  0.5979061E-01
 18  0.1693411E+00
 19  0.2256840E+00
 20  0.2646649E+00
 21  0.3247131E+00
 22  0.4596563E+00
  1 -0.7552230E-01
  2 -0.2762222E-01
  3 -0.4322782E-02
  4  0.1941488E-03
  5 -0.1887522E-01
  6 -0.6467770E-01
  7 -0.1694887E+00
  8 -0.2247363E+00
  9 -0.2636160E+00
 10 -0.3243315E+00
 11 -0.4641297E+00
 12 -0.8370587E-02
 13 -0.4769086E-01
 14 -0.7555716E-01
 15 -0.9234983E-01
 16 -0.1085696E+00
 17 -0.1187129E+00
 18 -0.1571860E+00
 19 -0.2062153E+00
 20 -0.2523403E+00
 21 -0.3295775E+00
 22 -0.4874941E+00
  1  0.7774736E-02
  2  0.4797679E-01
  3  0.7492530E-01
  4  0.9153964E-01
  5  0.1072569E+00
  6  0.1172596E+00
  7  0.1562634E+00
  8  0.2059168E+00
  9  0.2527448E+00
 10  0.3306415E+00
 11  0.4872364E+00
 12  0.7353397E-01
 13  0.2773646E-01
 14  0.4640506E-02
 15  0.2408364E-03
 16  0.1943222E-01
 17  0.6545128E-01
 18  0.1709091E+00
 19  0.2260430E+00
 20  0.2648219E+00
 21  0.3253515E+00
 22  0.4624050E+00
  1 -0.6949472E-01
  2 -0.2815086E-01
  3 -0.8360178E-02
  4 -0.5704973E-02
  5 -0.2511295E-01
  6 -0.6919267E-01
  7 -0.1706313E+00
  8 -0.2248266E+00
  9 -0.2636575E+00
 10 -0.3248071E+00
 11 -0.4663624E+00
 12 -0.1303011E-01
 13 -0.4568960E-01
 14 -0.6967895E-01
 15 -0.8515948E-01
 16 -0.1016537E+00
 17 -0.1136472E+00
 18 -0.1562325E+00
 19 -0.2064323E+00
 20 -0.2529094E+00
 21 -0.3305540E+00
 22 -0.4886928E+00
  1  0.1259101E-01
  2  0.4576195E-01
  3  0.6917291E-01
  4  0.8429364E-01
  5  0.1002214E+00
  6  0.1123918E+00
  7  0.1553795E+00
  8  0.2064204E+00
  9  0.2535636E+00
 10  0.3315100E+00
 11  0.4878435E+00
 12  0.6793935E-01
 13  0.2867571E-01
 14  0.8968776E-02
 15  0.6175318E-02
 16  0.2559765E-01
 17  0.6995745E-01
 18  0.1719750E+00
 19  0.2262642E+00
 20  0.2648384E+00
 21  0.3259390E+00
 22  0.4647488E+00
  1 -0.7044411E-01
  2 -0.2625273E-01
  3 -0.4915479E-02
  4 -0.1464081E-02
  5 -0.2128052E-01
  6 -0.6775263E-01
  7 -0.1719723E+00
  8 -0.2253805E+00
  9 -0.2625194E+00
 10 -0.3217174E+00
 11 -0.4616081E+00
 12 -0.1055860E-01
 13 -0.4564667E-01
 14 -0.7137322E-01
 15 -0.8770795E-01
 16 -0.1040916E+00
 17 -0.1144536E+00
 18 -0.1538420E+00
 19 -0.2051983E+00
 20 -0.2531697E+00
 21 -0.3330144E+00
 22 -0.4936839E+00
  1  0.1049015E-01
  2  0.4567623E-01
  3  0.7049493E-01
  4  0.8630073E-01
  5  0.1022395E+00
  6  0.1124852E+00
  7  0.1529250E+00
  8  0.2048356E+00
  9  0.2534791E+00
 10  0.3337516E+00
 11  0.4921305E+00
 12  0.6826267E-01
 13  0.2694660E-01
 14  0.5847638E-02
 15  0.2299771E-02
 16  0.2189999E-01
 17  0.6842636E-01
 18  0.1734956E+00
 19  0.2270277E+00
 20  0.2643580E+00
 21  0.3235377E+00
 22  0.4607725E+00
  1 -0.6545647E-01
  2 -0.2728731E-01
  3 -0.8971853E-02
  4 -0.6952576E-02
  5 -0.2681067E-01
  6 -0.7158114E-01
  7 -0.1728797E+00
  8 -0.2254921E+00
  9 -0.2628655E+00
 10 -0.3227033E+00
 11 -0.4648459E+00
 12 -0.1459158E-01
 13 -0.4327712E-01
 14 -0.6574724E-01
 15 -0.8099402E-01
 16 -0.9783515E-01
 17 -0.1101469E+00
 18 -0.1531748E+00
 19 -0.2052574E+00
 20 -0.2535210E+00
 21 -0.3331895E+00
 22 -0.4933500E+00
  1  0.1424298E-01
  2  0.4357889E-01
  3  0.6500956E-01
  4  0.7971036E-01
  5  0.9596695E-01
  6  0.1082849E+00
  7  0.1523756E+00
  8  0.2050978E+00
  9  0.2537616E+00
 10  0.3339007E+00
 11  0.4918115E+00
 12  0.6331169E-01
 13  0.2760290E-01
 14  0.9963668E-02
 15  0.7602740E-02
 16  0.2734725E-01
 17  0.7212901E-01
 18  0.1740701E+00
 19  0.2269094E+00
 20  0.2645426E+00
 21  0.3244815E+00
 22  0.4641109E+00
  1 -0.6088703E-01
  2 -0.2763621E-01
  3 -0.1231171E-01
  4 -0.1134851E-01
  5 -0.3139064E-01
  6 -0.7483199E-01
  7 -0.1731796E+00
  8 -0.2255507E+00
  9 -0.2627848E+00
 10 -0.3235414E+00
 11 -0.4675532E+00
 12 -0.1780555E-01
 13 -0.4143362E-01
 14 -0.6090407E-01
 15 -0.7540854E-01
 16 -0.9239600E-01
 17 -0.1063453E+00
 18 -0.1527328E+00
 19 -0.2056542E+00
 20 -0.2539919E+00
 21 -0.3333857E+00
 22 -0.4928525E+00
  1  0.1753010E-01
  2  0.4152876E-01
  3  0.6038333E-01
  4  0.7404914E-01
  5  0.9056687E-01
  6  0.1048163E+00
  7  0.1518220E+00
  8  0.2054445E+00
  9  0.2543507E+00
 10  0.3339742E+00
 11  0.4913117E+00
 12  0.5908017E-01
 13  0.2836634E-01
 14  0.1342275E-01
 15  0.1213127E-01
 16  0.3179218E-01
 17  0.7517874E-01
 18  0.1743084E+00
 19  0.2267085E+00
 20  0.2642790E+00
 21  0.3252206E+00
 22  0.4670066E+00
  1 -0.5735054E-01
  2 -0.2834883E-01
  3 -0.1550689E-01
  4 -0.1562445E-01
  5 -0.3536633E-01
  6 -0.7748735E-01
  7 -0.1736056E+00
  8 -0.2251118E+00
  9 -0.2626418E+00
 10 -0.3239514E+00
 11 -0.4694889E+00
 12 -0.2071877E-01
 13 -0.3971061E-01
 14 -0.5698670E-01
 15 -0.7050823E-01
 16 -0.8795530E-01
 17 -0.1032781E+00
 18 -0.1525735E+00
 19 -0.2059475E+00
 20 -0.2545711E+00
 21 -0.3336402E+00
 22 -0.4925093E+00
  1  0.2014972E-01
  2  0.3997452E-01
  3  0.5648186E-01
  4  0.6914642E-01
  5  0.8603788E-01
  6  0.1017699E+00
  7  0.1516573E+00
  8  0.2057985E+00
  9  0.2547172E+00
 10  0.3342260E+00
 11  0.4907813E+00
 12  0.5538970E-01
 13  0.2887380E-01
 14  0.1611107E-01
 15  0.1579375E-01
 16  0.3543079E-01
 17  0.7747220E-01
 18  0.1742656E+00
 19  0.2262645E+00
 20  0.2640486E+00
 21  0.3256309E+00
 22  0.4695409E+00
  1 -0.5391621E-01
  2 -0.2852743E-01
  3 -0.1761955E-01
  4 -0.1853635E-01
  5 -0.3855005E-01
  6 -0.7920743E-01
  7 -0.1733345E+00
  8 -0.2244911E+00
  9 -0.2623238E+00
 10 -0.3242238E+00
 11 -0.4719050E+00
 12 -0.2276312E-01
 13 -0.3794339E-01
 14 -0.5337457E-01
 15 -0.6592773E-01
 16 -0.8377200E-01
 17 -0.1008082E+00
 18 -0.1523045E+00
 19 -0.2065386E+00
 20 -0.2550191E+00
 21 -0.3338329E+00
 22 -0.4920648E+00
  1  0.2241373E-01
  2  0.3835072E-01
  3  0.5307149E-01
  4  0.6511255E-01
  5  0.8237880E-01
  6  0.9942653E-01
  7  0.1516043E+00
  8  0.2062483E+00
  9  0.2551230E+00
 10  0.3342831E+00
 11  0.4902431E+00
 12  0.5233621E-01
 13  0.2944154E-01
 14  0.1859097E-01
 15  0.1905727E-01
 16  0.3872618E-01
 17  0.7955323E-01
 18  0.1742093E+00
 19  0.2257890E+00
 20  0.2636310E+00
 21  0.3259327E+00
 22  0.4715921E+00
  1 -0.5132090E-01
  2 -0.2899271E-01
  3 -0.1981911E-01
  4 -0.2147131E-01
  5 -0.4124486E-01
  6 -0.8090635E-01
  7 -0.1731876E+00
  8 -0.2241271E+00
  9 -0.2619197E+00
 10 -0.3242656E+00
 11 -0.4735339E+00
 12 -0.2483532E-01
 13 -0.3664061E-01
 14 -0.5037533E-01
 15 -0.6228531E-01
 16 -0.8054189E-01
 17 -0.9864773E-01
 18 -0.1523759E+00
 19 -0.2071583E+00
 20 -0.2555208E+00
 21 -0.3340102E+00
 22 -0.4915608E+00
  1  0.2427873E-01
  2  0.3702384E-01
  3  0.4999664E-01
  4  0.6155343E-01
  5  0.7913040E-01
  6  0.9734008E-01
  7  0.1515601E+00
  8  0.2066173E+00
  9  0.2556377E+00
 10  0.3344568E+00
 11  0.4897732E+00
 12  0.4962891E-01
 13  0.2976848E-01
 14  0.2063417E-01
 15  0.2172427E-01
 16  0.4107743E-01
 17  0.8107887E-01
 18  0.1739145E+00
 19  0.2251871E+00
 20  0.2631913E+00
 21  0.3262740E+00
 22  0.4733664E+00
  1 -0.4885622E-01
  2 -0.2952169E-01
  3 -0.2170495E-01
  4 -0.2390167E-01
  5 -0.4347280E-01
  6 -0.8227878E-01
  7 -0.1728664E+00
  8 -0.2235714E+00
  9 -0.2614532E+00
 10 -0.3244986E+00
 11 -0.4748907E+00
 12 -0.2635338E-01
 13 -0.3551332E-01
 14 -0.4766689E-01
 15 -0.5955869E-01
 16 -0.7775325E-01
 17 -0.9695277E-01
 18 -0.1526972E+00
 19 -0.2076413E+00
 20 -0.2560626E+00
 21 -0.3342063E+00
 22 -0.4909994E+00
  1  0.2606828E-01
  2  0.3604737E-01
  3  0.4766081E-01
  4  0.5866494E-01
  5  0.7639755E-01
  6  0.9578212E-01
  7  0.1518354E+00
  8  0.2072140E+00
  9  0.2560341E+00
 10  0.3345597E+00
 11  0.4890123E+00
 12  0.4750496E-01
 13  0.3025447E-01
 14  0.2253815E-01
 15  0.2418658E-01
 16  0.4341882E-01
 17  0.8230457E-01
 18  0.1736024E+00
 19  0.2244389E+00
 20  0.2627948E+00
 21  0.3262723E+00
 22  0.4751200E+00
  1 -0.4656366E-01
  2 -0.2967998E-01
  3 -0.2328159E-01
  4 -0.2587198E-01
  5 -0.4531608E-01
  6 -0.8328974E-01
  7 -0.1726342E+00
  8 -0.2228918E+00
  9 -0.2609056E+00
 10 -0.3246260E+00
 11 -0.4764225E+00
 12 -0.2782286E-01
 13 -0.3465000E-01
 14 -0.4549009E-01
 15 -0.5665743E-01
 16 -0.7545526E-01
 17 -0.9570368E-01
 18 -0.1526250E+00
 19 -0.2079140E+00
 20 -0.2566301E+00
 21 -0.3343307E+00
 22 -0.4904771E+00
  1  0.2728456E-01
  2  0.3499408E-01
  3  0.4525855E-01
  4  0.5590307E-01
  5  0.7419185E-01
  6  0.9438141E-01
  7  0.1519222E+00
  8  0.2076972E+00
  9  0.2565028E+00
 10  0.3346995E+00
 11  0.4885114E+00
 12  0.4548849E-01
 13  0.3052431E-01
 14  0.2403929E-01
 15  0.2602792E-01
 16  0.4517170E-01
 17  0.8341707E-01
 18  0.1730591E+00
 19  0.2238744E+00
 20  0.2623030E+00
 21  0.3264242E+00
 22  0.4765354E+00
  1 -0.4494391E-01
  2 -0.2991093E-01
  3 -0.2452092E-01
  4 -0.2766199E-01
  5 -0.4680016E-01
  6 -0.8423699E-01
  7 -0.1722295E+00
  8 -0.2222378E+00
  9 -0.2605905E+00
 10 -0.3247856E+00
 11 -0.4777184E+00
 12 -0.2885650E-01
 13 -0.3348961E-01
 14 -0.4340695E-01
 15 -0.5437727E-01
 16 -0.7327151E-01
 17 -0.9436927E-01
 18 -0.1529140E+00
 19 -0.2083563E+00
 20 -0.2569722E+00
 21 -0.3343894E+00
 22 -0.4899557E+00
  1  0.2852550E-01
  2  0.3430128E-01
  3  0.4349781E-01
  4  0.5386334E-01
  5  0.7223936E-01
  6  0.9313432E-01
  7  0.1520491E+00
  8  0.2081516E+00
  9  0.2568789E+00
 10  0.3346273E+00
 11  0.4878714E+00
 12  0.4381061E-01
 13  0.3073916E-01
 14  0.2530074E-01
 15  0.2780666E-01
 16  0.4678071E-01
 17  0.8416487E-01
 18  0.1727751E+00
 19  0.2232859E+00
 20  0.2619022E+00
 21  0.3266038E+00
 22  0.4778879E+00
  1 -0.4340754E-01
  2 -0.3020989E-01
  3 -0.2592149E-01
  4 -0.2917012E-01
  5 -0.4814321E-01
  6 -0.8499077E-01
  7 -0.1717817E+00
  8 -0.2218125E+00
  9 -0.2600684E+00
 10 -0.3246844E+00
 11 -0.4787287E+00
 12 -0.2992136E-01
 13 -0.3296879E-01
 14 -0.4186597E-01
 15 -0.5245429E-01
 16 -0.7179891E-01
 17 -0.9350051E-01
 18 -0.1532467E+00
 19 -0.2090167E+00
 20 -0.2573626E+00
 21 -0.3345239E+00
 22 -0.4893817E+00
  1  0.2930665E-01
  2  0.3344007E-01
  3  0.4185469E-01
  4  0.5172743E-01
  5  0.7048111E-01
  6  0.9214603E-01
  7  0.1523357E+00
  8  0.2085156E+00
  9  0.2571880E+00
 10  0.3346261E+00
 11  0.4874853E+00
 12  0.4233005E-01
 13  0.3086044E-01
 14  0.2632930E-01
 15  0.2907022E-01
 16  0.4795865E-01
 17  0.8488850E-01
 18  0.1723201E+00
 19  0.2227371E+00
 20  0.2615764E+00
 21  0.3266368E+00
 22  0.4790421E+00
  1 -0.4215353E-01
  2 -0.3044695E-01
  3 -0.2679723E-01
  4 -0.3054916E-01
  5 -0.4950986E-01
  6 -0.8566233E-01
  7 -0.1714712E+00
  8 -0.2211710E+00
  9 -0.2597896E+00
 10 -0.3248409E+00
 11 -0.4796227E+00
 12 -0.3095270E-01
 13 -0.3200567E-01
 14 -0.4042654E-01
 15 -0.5083619E-01
 16 -0.7012715E-01
 17 -0.9251097E-01
 18 -0.1535249E+00
 19 -0.2093912E+00
 20 -0.2577391E+00
 21 -0.3345028E+00
 22 -0.4889510E+00
  1  0.3047733E-01
  2  0.3284794E-01
  3  0.4057207E-01
  4  0.5040019E-01
  5  0.6920353E-01
  6  0.9157004E-01
  7  0.1525762E+00
  8  0.2088777E+00
  9  0.2575211E+00
 10  0.3346838E+00
 11  0.4868534E+00
 12  0.4120437E-01
 13  0.3129071E-01
 14  0.2750093E-01
 15  0.3054586E-01
 16  0.4921214E-01
 17  0.8540615E-01
 18  0.1718658E+00
 19  0.2221929E+00
 20  0.2611132E+00
 21  0.3266630E+00
 22  0.4800906E+00
  1 -0.4095823E-01
  2 -0.3053586E-01
  3 -0.2760693E-01
  4 -0.3123435E-01
  5 -0.5029744E-01
  6 -0.8599797E-01
  7 -0.1708472E+00
  8 -0.2207976E+00
  9 -0.2594743E+00
 10 -0.3246053E+00
 11 -0.4806503E+00
 12 -0.3132545E-01
 13 -0.3131822E-01
 14 -0.3896544E-01
 15 -0.4931936E-01
 16 -0.6887898E-01
 17 -0.9181581E-01
 18 -0.1537697E+00
 19 -0.2097645E+00
 20 -0.2579423E+00
 21 -0.3347365E+00
 22 -0.4886205E+00
  1  0.3084582E-01
  2  0.3209403E-01
  3  0.3914625E-01
  4  0.4873840E-01
  5  0.6781319E-01
  6  0.9078065E-01
  7  0.1527933E+00
  8  0.2092126E+00
  9  0.2577960E+00
 10  0.3346782E+00
 11  0.4865509E+00
 12  0.3986187E-01
 13  0.3122238E-01
 14  0.2806034E-01
 15  0.3138041E-01
 16  0.5000562E-01
 17  0.8577579E-01
 18  0.1713910E+00
 19  0.2216267E+00
 20  0.2607290E+00
 21  0.3267333E+00
 22  0.4811794E+00
  1 -0.4013681E-01
  2 -0.3083811E-01
  3 -0.2848491E-01
  4 -0.3242248E-01
  5 -0.5129382E-01
  6 -0.8631165E-01
  7 -0.1704819E+00
  8 -0.2203998E+00
  9 -0.2590967E+00
 10 -0.3247447E+00
 11 -0.4813038E+00
 12 -0.3220824E-01
 13 -0.3138645E-01
 14 -0.3814757E-01
 15 -0.4801099E-01
 16 -0.6799731E-01
 17 -0.9143689E-01
 18 -0.1540066E+00
 19 -0.2102736E+00
 20 -0.2584015E+00
 21 -0.3348305E+00
 22 -0.4878810E+00
  1  0.3166114E-01
  2  0.3174858E-01
  3  0.3818573E-01
  4  0.4761238E-01
  5  0.6688687E-01
  6  0.9038252E-01
  7  0.1530942E+00
  8  0.2096515E+00
  9  0.2579934E+00
 10  0.3346927E+00
 11  0.4860685E+00
 12  0.3908563E-01
 13  0.3153472E-01
 14  0.2895446E-01
 15  0.3233268E-01
 16  0.5081272E-01
 17  0.8618335E-01
 18  0.1711415E+00
 19  0.2212697E+00
 20  0.2604278E+00
 21  0.3266766E+00
 22  0.4818529E+00
  1 -0.3922197E-01
  2 -0.3080024E-01
  3 -0.2908393E-01
  4 -0.3317082E-01
  5 -0.5192462E-01
  6 -0.8644442E-01
  7 -0.1701061E+00
  8 -0.2199794E+00
  9 -0.2587892E+00
 10 -0.3246639E+00
 11 -0.4821233E+00
 12 -0.3267639E-01
 13 -0.3046372E-01
 14 -0.3707959E-01
 15 -0.4688352E-01
 16 -0.6679564E-01
 17 -0.9090780E-01
 18 -0.1543247E+00
 19 -0.2105611E+00
 20 -0.2585837E+00
 21 -0.3349074E+00
 22 -0.4876212E+00
  1  0.3150243E-01
  2  0.3183913E-01
  3  0.3906031E-01
  4  0.4894185E-01
  5  0.6850366E-01
  6  0.9084937E-01
  7  0.1519406E+00
  8  0.2100887E+00
  9  0.2599491E+00
 10  0.3383325E+00
 11  0.4898756E+00
 12  0.3878192E-01
 13  0.3126104E-01
 14  0.2789467E-01
 15  0.3083656E-01
 16  0.4888605E-01
 17  0.8519257E-01
 18  0.1718235E+00
 19  0.2208274E+00
 20  0.2584701E+00
 21  0.3231145E+00
 22  0.4780450E+00
  1 -0.3948469E-01
  2 -0.3006206E-01
  3 -0.2662409E-01
  4 -0.2969033E-01
  5 -0.4787221E-01
  6 -0.8486203E-01
  7 -0.1722932E+00
  8 -0.2195169E+00
  9 -0.2556694E+00
 10 -0.3183170E+00
 11 -0.4752276E+00
 12 -0.3204065E-01
 13 -0.3046097E-01
 14 -0.3879051E-01
 15 -0.5017035E-01
 16 -0.7079601E-01
 17 -0.9257202E-01
 18 -0.1520429E+00
 19 -0.2104653E+00
 20 -0.2612979E+00
 21 -0.3407231E+00
 22 -0.4946794E+00
  1  0.3103974E-01
  2  0.3123718E-01
  3  0.3916724E-01
  4  0.4992692E-01
  5  0.6979438E-01
  6  0.9114479E-01
  7  0.1502630E+00
  8  0.2093451E+00
  9  0.2606344E+00
 10  0.3406416E+00
 11  0.4918653E+00
 12  0.3852526E-01
 13  0.3139344E-01
 14  0.2732027E-01
 15  0.2933550E-01
 16  0.4694295E-01
 17  0.8432934E-01
 18  0.1731194E+00
 19  0.2210523E+00
 20  0.2574904E+00
 21  0.3210366E+00
 22  0.4764039E+00
  1 -0.3983344E-01
  2 -0.3026527E-01
  3 -0.2598798E-01
  4 -0.2815017E-01
  5 -0.4611326E-01
  6 -0.8415138E-01
  7 -0.1741323E+00
  8 -0.2203541E+00
  9 -0.2546217E+00
 10 -0.3156954E+00
 11 -0.4737931E+00
 12 -0.3193232E-01
 13 -0.2994864E-01
 14 -0.3910913E-01
 15 -0.5148756E-01
 16 -0.7265019E-01
 17 -0.9306072E-01
 18 -0.1498746E+00
 19 -0.2095678E+00
 20 -0.2617864E+00
 21 -0.3425938E+00
 22 -0.4966376E+00
  1  0.2949302E-01
  2  0.3128934E-01
  3  0.4145804E-01
  4  0.5415080E-01
  5  0.7479044E-01
  6  0.9276678E-01
  7  0.1447471E+00
  8  0.2071869E+00
  9  0.2626248E+00
 10  0.3475762E+00
 11  0.4976399E+00
 12  0.3885025E-01
 13  0.3181399E-01
 14  0.2480089E-01
 15  0.2441223E-01
 16  0.4090014E-01
 17  0.8172753E-01
 18  0.1776256E+00
 19  0.2224245E+00
 20  0.2550615E+00
 21  0.3144614E+00
 22  0.4700486E+00
  1 -0.3981385E-01
  2 -0.3015725E-01
  3 -0.2521882E-01
  4 -0.2676789E-01
  5 -0.4406407E-01
  6 -0.8353912E-01
  7 -0.1763071E+00
  8 -0.2211418E+00
  9 -0.2542172E+00
 10 -0.3141015E+00
 11 -0.4739529E+00
 12 -0.3167232E-01
 13 -0.2871069E-01
 14 -0.3888609E-01
 15 -0.5233149E-01
 16 -0.7434884E-01
 17 -0.9345867E-01
 18 -0.1471878E+00
 19 -0.2081021E+00
 20 -0.2617627E+00
 21 -0.3438082E+00
 22 -0.4972847E+00
  1  0.3032665E-01
  2  0.3048056E-01
  3  0.4001768E-01
  4  0.5236885E-01
  5  0.7338394E-01
  6  0.9197509E-01
  7  0.1447424E+00
  8  0.2064299E+00
  9  0.2612306E+00
 10  0.3448879E+00
 11  0.4940071E+00
 12  0.3826358E-01
 13  0.3262035E-01
 14  0.2621847E-01
 15  0.2611605E-01
 16  0.4236229E-01
 17  0.8252382E-01
 18  0.1776895E+00
 19  0.2231385E+00
 20  0.2563443E+00
 21  0.3171799E+00
 22  0.4743256E+00
  1 -0.3915592E-01
  2 -0.3079823E-01
  3 -0.2651020E-01
  4 -0.2823226E-01
  5 -0.4522387E-01
  6 -0.8400876E-01
  7 -0.1763589E+00
  8 -0.2215502E+00
  9 -0.2551447E+00
 10 -0.3160206E+00
 11 -0.4772104E+00
 12 -0.3230327E-01
 13 -0.2803805E-01
 14 -0.3772178E-01
 15 -0.5082192E-01
 16 -0.7290120E-01
 17 -0.9272824E-01
 18 -0.1472567E+00
 19 -0.2077604E+00
 20 -0.2607167E+00
 21 -0.3420323E+00
 22 -0.4944435E+00
  1  0.3039290E-01
  2  0.2939709E-01
  3  0.3828451E-01
  4  0.5046811E-01
  5  0.7176242E-01
  6  0.9104412E-01
  7  0.1444562E+00
  8  0.2060573E+00
  9  0.2605175E+00
 10  0.3432732E+00
 11  0.4916581E+00
 12  0.3697609E-01
 13  0.3278289E-01
 14  0.2718337E-01
 15  0.2710677E-01
 16  0.4315381E-01
 17  0.8279227E-01
 18  0.1773718E+00
 19  0.2230458E+00
 20  0.2571051E+00
 21  0.3188897E+00
 22  0.4778739E+00
  1 -0.3771743E-01
  2 -0.3083179E-01
  3 -0.2727504E-01
  4 -0.2891707E-01
  5 -0.4603109E-01
  6 -0.8430881E-01
  7 -0.1757947E+00
  8 -0.2215270E+00
  9 -0.2555845E+00
 10 -0.3171880E+00
 11 -0.4800289E+00
 12 -0.3244124E-01
 13 -0.2705451E-01
 14 -0.3609685E-01
 15 -0.4934260E-01
 16 -0.7143813E-01
 17 -0.9199455E-01
 18 -0.1470501E+00
 19 -0.2074928E+00
 20 -0.2602290E+00
 21 -0.3409256E+00
 22 -0.4927144E+00
  1  0.3018940E-01
  2  0.2860830E-01
  3  0.3848344E-01
  4  0.5211798E-01
  5  0.7425221E-01
  6  0.9153194E-01
  7  0.1407636E+00
  8  0.2043169E+00
  9  0.2612573E+00
 10  0.3465906E+00
 11  0.4927376E+00
 12  0.3642757E-01
 13  0.3357331E-01
 14  0.2677078E-01
 15  0.2512436E-01
 16  0.4017278E-01
 17  0.8160604E-01
 18  0.1806056E+00
 19  0.2241896E+00
 20  0.2560108E+00
 21  0.3158010E+00
 22  0.4766806E+00
  1 -0.3819931E-01
  2 -0.3148251E-01
  3 -0.2555877E-01
  4 -0.2513071E-01
  5 -0.4055547E-01
  6 -0.8253942E-01
  7 -0.1819264E+00
  8 -0.2237244E+00
  9 -0.2532510E+00
 10 -0.3103658E+00
 11 -0.4765955E+00
 12 -0.3244454E-01
 13 -0.2544640E-01
 14 -0.3730641E-01
 15 -0.5310587E-01
 16 -0.7712419E-01
 17 -0.9379836E-01
 18 -0.1408285E+00
 19 -0.2048109E+00
 20 -0.2617107E+00
 21 -0.3463775E+00
 22 -0.4961278E+00
  1  0.3015566E-01
  2  0.2778052E-01
  3  0.3875450E-01
  4  0.5367113E-01
  5  0.7690823E-01
  6  0.9205802E-01
  7  0.1364765E+00
  8  0.2022998E+00
  9  0.2617777E+00
 10  0.3495322E+00
 11  0.4924293E+00
 12  0.3588952E-01
 13  0.3493107E-01
 14  0.2671345E-01
 15  0.2330791E-01
 16  0.3703916E-01
 17  0.8094013E-01
 18  0.1844509E+00
 19  0.2257869E+00
 20  0.2554018E+00
 21  0.3132974E+00
 22  0.4761652E+00
  1 -0.3753638E-01
  2 -0.3211137E-01
  3 -0.2689004E-01
  4 -0.2650814E-01
  5 -0.4186175E-01
  6 -0.8315308E-01
  7 -0.1816151E+00
  8 -0.2236929E+00
  9 -0.2539754E+00
 10 -0.3118436E+00
 11 -0.4796830E+00
 12 -0.3300853E-01
 13 -0.2469603E-01
 14 -0.3575660E-01
 15 -0.5159395E-01
 16 -0.7584444E-01
 17 -0.9321748E-01
 18 -0.1411539E+00
 19 -0.2045930E+00
 20 -0.2612695E+00
 21 -0.3447651E+00
 22 -0.4935685E+00
  1  0.3079245E-01
  2  0.2699967E-01
  3  0.3711919E-01
  4  0.5184214E-01
  5  0.7545782E-01
  6  0.9149139E-01
  7  0.1367608E+00
  8  0.2023382E+00
  9  0.2612507E+00
 10  0.3479387E+00
 11  0.4898559E+00
 12  0.3503085E-01
 13  0.3544861E-01
 14  0.2807908E-01
 15  0.2499930E-01
 16  0.3841462E-01
 17  0.8124612E-01
 18  0.1840792E+00
 19  0.2258677E+00
 20  0.2557956E+00
 21  0.3148000E+00
 22  0.4794486E+00
  1 -0.3682170E-01
  2 -0.3253731E-01
  3 -0.2802606E-01
  4 -0.2779556E-01
  5 -0.4285575E-01
  6 -0.8345113E-01
  7 -0.1814893E+00
  8 -0.2236661E+00
  9 -0.2541355E+00
 10 -0.3131258E+00
 11 -0.4818333E+00
 12 -0.3401305E-01
 13 -0.2426430E-01
 14 -0.3470778E-01
 15 -0.5042231E-01
 16 -0.7491510E-01
 17 -0.9264817E-01
 18 -0.1414406E+00
 19 -0.2050348E+00
 20 -0.2607338E+00
 21 -0.3438676E+00
 22 -0.4914320E+00
  1  0.3134584E-01
  2  0.2577676E-01
  3  0.3737029E-01
  4  0.5404334E-01
  5  0.7918364E-01
  6  0.9234045E-01
  7  0.1311338E+00
  8  0.1997042E+00
  9  0.2625034E+00
 10  0.3524711E+00
 11  0.4893627E+00
 12  0.3410643E-01
 13  0.3769861E-01
 14  0.2815383E-01
 15  0.2279039E-01
 16  0.3415550E-01
 17  0.7985137E-01
 18  0.1891541E+00
 19  0.2279965E+00
 20  0.2544617E+00
 21  0.3107589E+00
 22  0.4785587E+00
  1 -0.3653128E-01
  2 -0.3399015E-01
  3 -0.2649854E-01
  4 -0.2357334E-01
  5 -0.3643468E-01
  6 -0.8150093E-01
  7 -0.1896578E+00
  8 -0.2271305E+00
  9 -0.2515039E+00
 10 -0.3051209E+00
 11 -0.4801172E+00
 12 -0.3470550E-01
 13 -0.2121500E-01
 14 -0.3449468E-01
 15 -0.5412631E-01
 16 -0.8146514E-01
 17 -0.9490734E-01
 18 -0.1329978E+00
 19 -0.2010482E+00
 20 -0.2623614E+00
 21 -0.3498746E+00
 22 -0.4930376E+00
  1  0.3121311E-01
  2  0.2353966E-01
  3  0.3675986E-01
  4  0.5541619E-01
  5  0.8232895E-01
  6  0.9276851E-01
  7  0.1244558E+00
  8  0.1966749E+00
  9  0.2632992E+00
 10  0.3567020E+00
 11  0.4884739E+00
 12  0.3280850E-01
 13  0.3956454E-01
 14  0.2838115E-01
 15  0.2014763E-01
 16  0.2925563E-01
 17  0.7830735E-01
 18  0.1947880E+00
 19  0.2304259E+00
 20  0.2530052E+00
 21  0.3067077E+00
 22  0.4789201E+00
  1 -0.3562541E-01
  2 -0.3446079E-01
  3 -0.2809387E-01
  4 -0.2525575E-01
  5 -0.3771588E-01
  6 -0.8186343E-01
  7 -0.1894002E+00
  8 -0.2270011E+00
  9 -0.2519047E+00
 10 -0.3064064E+00
 11 -0.4829247E+00
 12 -0.3541170E-01
 13 -0.2065546E-01
 14 -0.3342242E-01
 15 -0.5257151E-01
 16 -0.8041587E-01
 17 -0.9427731E-01
 18 -0.1332017E+00
 19 -0.2010058E+00
 20 -0.2621842E+00
 21 -0.3487142E+00
 22 -0.4905389E+00
  1  0.3183597E-01
  2  0.2154992E-01
  3  0.3661616E-01
  4  0.5861126E-01
  5  0.8809574E-01
  6  0.9382862E-01
  7  0.1152906E+00
  8  0.1925621E+00
  9  0.2646352E+00
 10  0.3629444E+00
 11  0.4863273E+00
 12  0.3085909E-01
 13  0.4304215E-01
 14  0.2925143E-01
 15  0.1706884E-01
 16  0.2306594E-01
 17  0.7613178E-01
 18  0.2029886E+00
 19  0.2336482E+00
 20  0.2509915E+00
 21  0.3004819E+00
 22  0.4787197E+00
  1 -0.3474940E-01
  2 -0.3568649E-01
  3 -0.2835725E-01
  4 -0.2371702E-01
  5 -0.3467412E-01
  6 -0.8132416E-01
  7 -0.1941904E+00
  8 -0.2288802E+00
  9 -0.2504890E+00
 10 -0.3022292E+00
 11 -0.4838962E+00
 12 -0.3680030E-01
 13 -0.1809777E-01
 14 -0.3228374E-01
 15 -0.5395346E-01
 16 -0.8360699E-01
 17 -0.9513014E-01
 18 -0.1283230E+00
 19 -0.1991296E+00
 20 -0.2628177E+00
 21 -0.3512409E+00
 22 -0.4896528E+00
  1  0.3366073E-01
  2  0.2095529E-01
  3  0.3523528E-01
  4  0.5668138E-01
  5  0.8634358E-01
  6  0.9368900E-01
  7  0.1163603E+00
  8  0.1930366E+00
  9  0.2648062E+00
 10  0.3613638E+00
 11  0.4832897E+00
 12  0.2996723E-01
 13  0.4426986E-01
 14  0.3120302E-01
 15  0.1947410E-01
 16  0.2528841E-01
 17  0.7710473E-01
 18  0.2020878E+00
 19  0.2330865E+00
 20  0.2514487E+00
 21  0.3022224E+00
 22  0.4818026E+00
  1 -0.3405690E-01
  2 -0.3640087E-01
  3 -0.2996276E-01
  4 -0.2529567E-01
  5 -0.3577001E-01
  6 -0.8164714E-01
  7 -0.1934930E+00
  8 -0.2282512E+00
  9 -0.2506753E+00
 10 -0.3033038E+00
 11 -0.4863703E+00
 12 -0.3779927E-01
 13 -0.1762101E-01
 14 -0.3123060E-01
 15 -0.5255982E-01
 16 -0.8220499E-01
 17 -0.9504884E-01
 18 -0.1289108E+00
 19 -0.1993276E+00
 20 -0.2628214E+00
 21 -0.3506944E+00
 22 -0.4872637E+00
  1  0.3393074E-01
  2  0.1961725E-01
  3  0.3282803E-01
  4  0.5420353E-01
  5  0.8445735E-01
  6  0.9285349E-01
  7  0.1170116E+00
  8  0.1937657E+00
  9  0.2646748E+00
 10  0.3600693E+00
 11  0.4814299E+00
 12  0.2812910E-01
 13  0.4378178E-01
 14  0.3218587E-01
 15  0.2048761E-01
 16  0.2612422E-01
 17  0.7734141E-01
 18  0.2009563E+00
 19  0.2322483E+00
 20  0.2511768E+00
 21  0.3039130E+00
 22  0.4851552E+00
  1 -0.3278800E-01
  2 -0.3673422E-01
  3 -0.3059418E-01
  4 -0.2635583E-01
  5 -0.3667435E-01
  6 -0.8179401E-01
  7 -0.1926624E+00
  8 -0.2279616E+00
  9 -0.2505873E+00
 10 -0.3042114E+00
 11 -0.4879849E+00
 12 -0.3811442E-01
 13 -0.1724333E-01
 14 -0.3006258E-01
 15 -0.5133905E-01
 16 -0.8131543E-01
 17 -0.9445241E-01
 18 -0.1293715E+00
 19 -0.1998768E+00
 20 -0.2631382E+00
 21 -0.3502597E+00
 22 -0.4857182E+00
  1  0.3550822E-01
  2  0.1664524E-01
  3  0.3233705E-01
  4  0.5699993E-01
  5  0.9069841E-01
  6  0.9419470E-01
  7  0.1062984E+00
  8  0.1890485E+00
  9  0.2670332E+00
 10  0.3681352E+00
 11  0.4777860E+00
 12  0.2533383E-01
 13  0.4879397E-01
 14  0.3406269E-01
 15  0.1743107E-01
 16  0.1904360E-01
 17  0.7468741E-01
 18  0.2104454E+00
 19  0.2357592E+00
 20  0.2484166E+00
 21  0.2958811E+00
 22  0.4851457E+00
  1 -0.3165191E-01
  2 -0.3836543E-01
  3 -0.3123710E-01
  4 -0.2511053E-01
  5 -0.3313035E-01
  6 -0.8105718E-01
  7 -0.1982600E+00
  8 -0.2296325E+00
  9 -0.2484248E+00
 10 -0.2990585E+00
 11 -0.4896460E+00
 12 -0.3998056E-01
 13 -0.1406463E-01
 14 -0.2855186E-01
 15 -0.5246251E-01
 16 -0.8489862E-01
 17 -0.9546180E-01
 18 -0.1240755E+00
 19 -0.1978110E+00
 20 -0.2641872E+00
 21 -0.3531989E+00
 22 -0.4843110E+00
  1  0.3699866E-01
  2  0.1654542E-01
  3  0.3077057E-01
  4  0.5541227E-01
  5  0.8938788E-01
  6  0.9386873E-01
  7  0.1082923E+00
  8  0.1899996E+00
  9  0.2670176E+00
 10  0.3663846E+00
 11  0.4757889E+00
 12  0.2485717E-01
 13  0.4966443E-01
 14  0.3584557E-01
 15  0.1967121E-01
 16  0.2058651E-01
 17  0.7563007E-01
 18  0.2094453E+00
 19  0.2347910E+00
 20  0.2482940E+00
 21  0.2973513E+00
 22  0.4876868E+00
  1 -0.3107357E-01
  2 -0.3896483E-01
  3 -0.3245940E-01
  4 -0.2616603E-01
  5 -0.3397690E-01
  6 -0.8092251E-01
  7 -0.1976528E+00
  8 -0.2291031E+00
  9 -0.2484712E+00
 10 -0.2995517E+00
 11 -0.4910215E+00
 12 -0.4083737E-01
 13 -0.1377528E-01
 14 -0.2797642E-01
 15 -0.5156200E-01
 16 -0.8416177E-01
 17 -0.9527402E-01
 18 -0.1247206E+00
 19 -0.1983989E+00
 20 -0.2643402E+00
 21 -0.3529737E+00
 22 -0.4828108E+00
  1  0.3869273E-01
  2  0.1178522E-01
  3  0.2842649E-01
  4  0.5840081E-01
  5  0.9699485E-01
  6  0.9606190E-01
  7  0.9397890E-01
  8  0.1839223E+00
  9  0.2696580E+00
 10  0.3762397E+00
 11  0.4701940E+00
 12  0.2060687E-01
 13  0.5561107E-01
 14  0.3777192E-01
 15  0.1577740E-01
 16  0.1066781E-01
 17  0.7217491E-01
 18  0.2214134E+00
 19  0.2395220E+00
 20  0.2438475E+00
 21  0.2872300E+00
 22  0.4884900E+00
  1 -0.2939274E-01
  2 -0.4127255E-01
  3 -0.3349401E-01
  4 -0.2490344E-01
  5 -0.2989016E-01
  6 -0.7998403E-01
  7 -0.2038548E+00
  8 -0.2311855E+00
  9 -0.2461352E+00
 10 -0.2941483E+00
 11 -0.4926085E+00
 12 -0.4299661E-01
 13 -0.1075788E-01
 14 -0.2620715E-01
 15 -0.5292423E-01
 16 -0.8834229E-01
 17 -0.9621252E-01
 18 -0.1185794E+00
 19 -0.1959179E+00
 20 -0.2658873E+00
 21 -0.3565267E+00
 22 -0.4804808E+00
  1  0.4164963E-01
  2  0.6059577E-02
  3  0.2564424E-01
  4  0.6225554E-01
  5  0.1075533E+00
  6  0.9828735E-01
  7  0.7565469E-01
  8  0.1757420E+00
  9  0.2730671E+00
 10  0.3880142E+00
 11  0.4613400E+00
 12  0.1502547E-01
 13  0.6358670E-01
 14  0.4161225E-01
 15  0.1138323E-01
 16 -0.9956637E-03
 17  0.6766479E-01
 18  0.2373694E+00
 19  0.2436016E+00
 20  0.2382312E+00
 21  0.2745400E+00
 22  0.4892658E+00
  1 -0.2767838E-01
  2 -0.4397526E-01
  3 -0.3507458E-01
  4 -0.2374120E-01
  5 -0.2576574E-01
  6 -0.7824854E-01
  7 -0.2113632E+00
  8 -0.2336399E+00
  9 -0.2431644E+00
 10 -0.2872609E+00
 11 -0.4946275E+00
 12 -0.4580291E-01
 13 -0.6342364E-02
 14 -0.2416936E-01
 15 -0.5429856E-01
 16 -0.9363284E-01
 17 -0.9798818E-01
 18 -0.1106460E+00
 19 -0.1928380E+00
 20 -0.2673537E+00
 21 -0.3610328E+00
 22 -0.4773493E+00
  1  0.4618652E-01
  2 -0.1970581E-02
  3  0.2245940E-01
  4  0.6632613E-01
  5  0.1196673E+00
  6  0.1006052E+00
  7  0.5137122E-01
  8  0.1646847E+00
  9  0.2768405E+00
 10  0.4018267E+00
 11  0.4490144E+00
 12  0.7166094E-02
 13  0.7431722E-01
 14  0.4640024E-01
 15  0.5448038E-02
 16 -0.1654957E-01
 17  0.6214135E-01
 18  0.2565609E+00
 19  0.2497307E+00
 20  0.2297355E+00
 21  0.2566926E+00
 22  0.4901912E+00
  1 -0.2546439E-01
  2 -0.4769803E-01
  3 -0.3691522E-01
  4 -0.2172865E-01
  5 -0.1991639E-01
  6 -0.7654713E-01
  7 -0.2199340E+00
  8 -0.2368243E+00
  9 -0.2393125E+00
 10 -0.2791649E+00
 11 -0.4966640E+00
 12 -0.4896559E-01
 13 -0.8280211E-03
 14 -0.2107766E-01
 15 -0.5635310E-01
 16 -0.9938788E-01
 17 -0.1000521E+00
 18 -0.1010742E+00
 19 -0.1892253E+00
 20 -0.2692809E+00
 21 -0.3667408E+00
 22 -0.4729801E+00
  1  0.5021911E-01
  2 -0.1148118E-01
  3  0.1693480E-01
  4  0.7028425E-01
  5  0.1330401E+00
  6  0.1032569E+00
  7  0.2354681E-01
  8  0.1520894E+00
  9  0.2805364E+00
 10  0.4176329E+00
 11  0.4320016E+00
 12 -0.1606053E-02
 13  0.8714701E-01
 14  0.5227283E-01
 15 -0.8524063E-03
 16 -0.3586259E-01
 17  0.5513037E-01
 18  0.2782633E+00
 19  0.2557567E+00
 20  0.2193979E+00
 21  0.2356414E+00
 22  0.4890489E+00
  1 -0.2355207E-01
  2 -0.4858965E-01
  3 -0.3822956E-01
  4 -0.2194288E-01
  5 -0.1880443E-01
  6 -0.7612471E-01
  7 -0.2212022E+00
  8 -0.2364169E+00
  9 -0.2386702E+00
 10 -0.2769749E+00
 11 -0.4992313E+00
 12 -0.5058215E-01
 13  0.5845073E-03
 14 -0.1940008E-01
 15 -0.5597910E-01
 16 -0.1005599E+00
 17 -0.9999289E-01
 18 -0.9913044E-01
 19 -0.1883919E+00
 20 -0.2702583E+00
 21 -0.3674849E+00
 22 -0.4708250E+00
  1  0.5080396E-01
  2 -0.9160897E-02
  3  0.1559534E-01
  4  0.6462334E-01
  5  0.1239025E+00
  6  0.1021397E+00
  7  0.3802234E-01
  8  0.1608738E+00
  9  0.2794506E+00
 10  0.4095783E+00
 11  0.4361756E+00
 12 -0.1707174E-02
 13  0.8244289E-01
 14  0.5186317E-01
 15  0.3983899E-02
 16 -0.2533023E-01
 17  0.5808016E-01
 18  0.2660965E+00
 19  0.2518326E+00
 20  0.2230651E+00
 21  0.2468575E+00
 22  0.4952424E+00
  1 -0.2249957E-01
  2 -0.4944265E-01
  3 -0.3949969E-01
  4 -0.2268995E-01
  5 -0.1831500E-01
  6 -0.7560068E-01
  7 -0.2231481E+00
  8 -0.2365807E+00
  9 -0.2376011E+00
 10 -0.2758829E+00
 11 -0.5004851E+00
 12 -0.5169537E-01
 13  0.2490592E-02
 14 -0.1726978E-01
 15 -0.5483804E-01
 16 -0.1009956E+00
 17 -0.1003955E+00
 18 -0.9818450E-01
 19 -0.1886284E+00
 20 -0.2710727E+00
 21 -0.3680109E+00
 22 -0.4687322E+00
  1  0.5631656E-01
  2 -0.1936164E-01
  3  0.9905348E-02
  4  0.6877401E-01
  5  0.1400378E+00
  6  0.1041837E+00
  7  0.8827790E-02
  8  0.1457864E+00
  9  0.2838634E+00
 10  0.4253637E+00
 11  0.4165945E+00
 12 -0.1116699E-01
 13  0.9748409E-01
 14  0.5994065E-01
 15 -0.2702726E-02
 16 -0.4503149E-01
 17  0.4933057E-01
 18  0.2890299E+00
 19  0.2556526E+00
 20  0.2101656E+00
 21  0.2233919E+00
 22  0.4940708E+00
  1 -0.2078596E-01
  2 -0.5116333E-01
  3 -0.4143173E-01
  4 -0.2305439E-01
  5 -0.1705767E-01
  6 -0.7533789E-01
  7 -0.2255962E+00
  8 -0.2375619E+00
  9 -0.2355923E+00
 10 -0.2724929E+00
 11 -0.5026198E+00
 12 -0.5414324E-01
 13  0.4757040E-02
 14 -0.1621480E-01
 15 -0.5509289E-01
 16 -0.1029001E+00
 17 -0.1010303E+00
 18 -0.9550466E-01
 19 -0.1876278E+00
 20 -0.2716940E+00
 21 -0.3695018E+00
 22 -0.4661556E+00
  1  0.6333386E-01
  2 -0.2900403E-01
  3  0.4571050E-02
  4  0.7387366E-01
  5  0.1553005E+00
  6  0.1082326E+00
  7 -0.1973334E-01
  8  0.1334818E+00
  9  0.2864308E+00
 10  0.4380425E+00
 11  0.3918523E+00
 12 -0.2081908E-01
 13  0.1127421E+00
 14  0.6922211E-01
 15 -0.5624359E-02
 16 -0.6105505E-01
 17  0.4381410E-01
 18  0.3112798E+00
 19  0.2600780E+00
 20  0.1976375E+00
 21  0.1996536E+00
 22  0.4910043E+00
  1 -0.1880856E-01
  2 -0.5382655E-01
  3 -0.4343874E-01
  4 -0.2244665E-01
  5 -0.1354667E-01
  6 -0.7314374E-01
  7 -0.2297241E+00
  8 -0.2378358E+00
  9 -0.2329109E+00
 10 -0.2683127E+00
 11 -0.5050617E+00
 12 -0.5669662E-01
 13  0.8071693E-02
 14 -0.1358042E-01
 15 -0.5515817E-01
 16 -0.1060684E+00
 17 -0.1015335E+00
 18 -0.8956483E-01
 19 -0.1861754E+00
 20 -0.2737230E+00
 21 -0.3719072E+00
 22 -0.4627858E+00
  1  0.6792109E-01
  2 -0.4143223E-01
  3 -0.7378743E-02
  4  0.7144879E-01
  5  0.1630529E+00
  6  0.1085831E+00
  7 -0.4457927E-01
  8  0.1212069E+00
  9  0.2886303E+00
 10  0.4470225E+00
 11  0.3720625E+00
 12 -0.3431828E-01
 13  0.1224800E+00
 14  0.7320563E-01
 15 -0.1105411E-01
 16 -0.7862129E-01
 17  0.3716615E-01
 18  0.3261783E+00
 19  0.2604533E+00
 20  0.1849116E+00
 21  0.1786837E+00
 22  0.4922574E+00
  1 -0.1594905E-01
  2 -0.5689656E-01
  3 -0.4585787E-01
  4 -0.2196356E-01
  5 -0.9602822E-02
  6 -0.7219137E-01
  7 -0.2361624E+00
  8 -0.2400288E+00
  9 -0.2293760E+00
 10 -0.2606085E+00
 11 -0.5075441E+00
 12 -0.6096892E-01
 13  0.1250221E-01
 14 -0.1086361E-01
 15 -0.5605910E-01
 16 -0.1112824E+00
 17 -0.1035626E+00
 18 -0.8255304E-01
 19 -0.1829431E+00
 20 -0.2755451E+00
 21 -0.3761248E+00
 22 -0.4573623E+00
