  1  0.4208361E-01
  2  0.7343414E-01
  3  0.5934534E-01
  4  0.3876706E-01
  5  0.2204069E-01
  6  0.1130760E-01
  7  0.4870366E-02
  8  0.3303492E-02
  9  0.3107633E-02
 10  0.5719088E-02
 11  0.8748378E-02
 12  0.1215633E-01
 13  0.1578625E-01
 14  0.1851522E-01
 15  0.2085248E-01
 16  0.2281107E-01
 17  0.2483495E-01
 18  0.2774672E-01
 19  0.3349192E-01
 20  0.5089727E-01
 21  0.7020899E-01
 22 -0.2416772E+00
  1  0.9561772E-02
  2  0.5318408E-01
  3  0.5010753E-01
  4  0.3309911E-01
  5  0.1824952E-01
  6  0.7289322E-02
  7  0.1153706E-02
  8 -0.5506322E-03
  9  0.5331518E-03
 10  0.3836945E-02
 11  0.8635311E-02
 12  0.1409793E-01
 13  0.1912354E-01
 14  0.2402679E-01
 15  0.2890382E-01
 16  0.3274076E-01
 17  0.3697976E-01
 18  0.4123623E-01
 19  0.5082422E-01
 20  0.7553276E-01
 21  0.1023651E+00
 22 -0.1851872E+00
  1 -0.1956736E-01
  2  0.3463093E-01
  3  0.4154536E-01
  4  0.2937455E-01
  5  0.1439330E-01
  6  0.2669345E-02
  7 -0.4009897E-02
  8 -0.6632206E-02
  9 -0.4821284E-02
 10 -0.3762953E-03
 11  0.6114800E-02
 12  0.1342904E-01
 13  0.2082560E-01
 14  0.2822215E-01
 15  0.3467796E-01
 16  0.4096916E-01
 17  0.4693108E-01
 18  0.5297533E-01
 19  0.6401724E-01
 20  0.9353290E-01
 21  0.1273172E+00
 22 -0.1364306E+00
  1 -0.4552375E-01
  2  0.1726317E-01
  3  0.3547913E-01
  4  0.2646805E-01
  5  0.1140920E-01
  6 -0.2769536E-02
  7 -0.1119119E-01
  8 -0.1482469E-01
  9 -0.1337129E-01
 10 -0.8252088E-02
 11 -0.3552758E-03
 12  0.9762010E-02
 13  0.1907185E-01
 14  0.2909224E-01
 15  0.3853935E-01
 16  0.4656535E-01
 17  0.5500315E-01
 18  0.6293226E-01
 19  0.7515698E-01
 20  0.1077778E+00
 21  0.1464301E+00
 22 -0.9666731E-01
  1 -0.7077300E-01
  2  0.9277574E-03
  3  0.3097106E-01
  4  0.2538161E-01
  5  0.7926025E-02
  6 -0.9392112E-02
  7 -0.2184239E-01
  8 -0.2746620E-01
  9 -0.2717985E-01
 10 -0.2085736E-01
 11 -0.1137362E-01
 12  0.8361270E-03
 13  0.1385909E-01
 14  0.2572522E-01
 15  0.3790061E-01
 16  0.4966365E-01
 17  0.6023551E-01
 18  0.7102498E-01
 19  0.8341799E-01
 20  0.1174014E+00
 21  0.1582113E+00
 22 -0.6260644E-01
  1 -0.9526515E-01
  2 -0.1521188E-01
  3  0.2723540E-01
  4  0.2377853E-01
  5  0.2475182E-02
  6 -0.2090061E-01
  7 -0.3801712E-01
  8 -0.4681870E-01
  9 -0.4759062E-01
 10 -0.4018186E-01
 11 -0.2786468E-01
 12 -0.1313105E-01
 13  0.1426376E-02
 14  0.1735145E-01
 15  0.3148096E-01
 16  0.4506510E-01
 17  0.5931208E-01
 18  0.7235084E-01
 19  0.8686631E-01
 20  0.1207218E+00
 21  0.1597206E+00
 22 -0.3255494E-01
  1 -0.1184099E+00
  2 -0.3368220E-01
  3  0.2179215E-01
  4  0.1914991E-01
  5 -0.7612153E-02
  6 -0.3877794E-01
  7 -0.6416856E-01
  8 -0.7663739E-01
  9 -0.7724133E-01
 10 -0.6795577E-01
 11 -0.5308376E-01
 12 -0.3533046E-01
 13 -0.1790429E-01
 14 -0.1396610E-02
 15  0.1282113E-01
 16  0.2887585E-01
 17  0.4574841E-01
 18  0.6229383E-01
 19  0.8094046E-01
 20  0.1069979E+00
 21  0.1359619E+00
 22 -0.3900442E-02
  1 -0.1346695E+00
  2 -0.5312026E-01
  3  0.1260993E-01
  4  0.1033523E-01
  5 -0.2455915E-01
  6 -0.6514499E-01
  7 -0.9614125E-01
  8 -0.1110731E+00
  9 -0.1104124E+00
 10 -0.9763254E-01
 11 -0.7836843E-01
 12 -0.5811327E-01
 13 -0.4087844E-01
 14 -0.2755118E-01
 15 -0.1582848E-01
 16 -0.3473393E-02
 17  0.1452596E-01
 18  0.3696143E-01
 19  0.5958568E-01
 20  0.5704670E-01
 21  0.6862783E-01
 22  0.2557852E-01
  1 -0.1427645E+00
  2 -0.7479665E-01
  3 -0.3684704E-02
  4 -0.7013742E-02
  5 -0.4830662E-01
  6 -0.9620065E-01
  7 -0.1313049E+00
  8 -0.1454462E+00
  9 -0.1404385E+00
 10 -0.1202722E+00
 11 -0.9674127E-01
 12 -0.7538706E-01
 13 -0.6209936E-01
 14 -0.5665766E-01
 15 -0.5511407E-01
 16 -0.5124442E-01
 17 -0.3706755E-01
 18 -0.8671148E-02
 19  0.2035123E-01
 20 -0.3515407E-01
 21 -0.4575293E-01
 22  0.5408264E-01
  1 -0.1371458E+00
  2 -0.9366933E-01
  3 -0.2382648E-01
  4 -0.2788613E-01
  5 -0.7207458E-01
  6 -0.1222994E+00
  7 -0.1560624E+00
  8 -0.1648831E+00
  9 -0.1513864E+00
 10 -0.1251050E+00
 11 -0.9767583E-01
 12 -0.7979003E-01
 13 -0.7551784E-01
 14 -0.8298885E-01
 15 -0.9822845E-01
 16 -0.1082713E+00
 17 -0.1028939E+00
 18 -0.7273348E-01
 19 -0.3582475E-01
 20 -0.1305781E+00
 21 -0.1494735E+00
 22  0.8056583E-01
  1 -0.1221600E+00
  2 -0.1062226E+00
  3 -0.3979183E-01
  4 -0.4150536E-01
  5 -0.8329631E-01
  6 -0.1311480E+00
  7 -0.1605635E+00
  8 -0.1628006E+00
  9 -0.1431189E+00
 10 -0.1128943E+00
 11 -0.8622358E-01
 12 -0.7404645E-01
 13 -0.8155105E-01
 14 -0.1034143E+00
 15 -0.1317748E+00
 16 -0.1549866E+00
 17 -0.1604287E+00
 18 -0.1366694E+00
 19 -0.9414863E-01
 20 -0.1820857E+00
 21 -0.1922479E+00
 22  0.1034143E+00
  1 -0.9497455E-01
  2 -0.1127732E+00
  3 -0.5104578E-01
  4 -0.4814311E-01
  5 -0.8585966E-01
  6 -0.1291630E+00
  7 -0.1529430E+00
  8 -0.1504472E+00
  9 -0.1271226E+00
 10 -0.9733676E-01
 11 -0.7473477E-01
 12 -0.7009535E-01
 13 -0.8626045E-01
 14 -0.1158641E+00
 15 -0.1488866E+00
 16 -0.1739054E+00
 17 -0.1857773E+00
 18 -0.1783323E+00
 19 -0.1462511E+00
 20 -0.1990093E+00
 21 -0.1956391E+00
 22  0.1238738E+00
  1 -0.5292396E-01
  2 -0.1250396E+00
  3 -0.6398866E-01
  4 -0.5249934E-01
  5 -0.8462698E-01
  6 -0.1237065E+00
  7 -0.1450558E+00
  8 -0.1412145E+00
  9 -0.1170410E+00
 10 -0.8904102E-01
 11 -0.7360671E-01
 12 -0.7765044E-01
 13 -0.1004217E+00
 14 -0.1325642E+00
 15 -0.1594236E+00
 16 -0.1740136E+00
 17 -0.1818344E+00
 18 -0.1948099E+00
 19 -0.1986808E+00
 20 -0.2049958E+00
 21 -0.1846191E+00
 22  0.1476677E+00
  1 -0.1131870E-01
  2 -0.1366645E+00
  3 -0.5431057E-01
  4 -0.2566911E-01
  5 -0.5615973E-01
  6 -0.1014300E+00
  7 -0.1289071E+00
  8 -0.1274826E+00
  9 -0.1045393E+00
 10 -0.8039974E-01
 11 -0.7182510E-01
 12 -0.8619834E-01
 13 -0.1196841E+00
 14 -0.1539964E+00
 15 -0.1709493E+00
 16 -0.1676984E+00
 17 -0.1637855E+00
 18 -0.1978969E+00
 19 -0.2545040E+00
 20 -0.2084257E+00
 21 -0.1679541E+00
 22  0.1922169E+00
  1  0.1402901E+00
  2 -0.1591235E+00
  3 -0.4597427E-01
  4  0.2218612E-02
  5 -0.4664591E-01
  6 -0.1219521E+00
  7 -0.1653885E+00
  8 -0.1594373E+00
  9 -0.1183077E+00
 10 -0.7287839E-01
 11 -0.5456796E-01
 12 -0.7379776E-01
 13 -0.1183627E+00
 14 -0.1594538E+00
 15 -0.1719727E+00
 16 -0.1510363E+00
 17 -0.1383632E+00
 18 -0.1994164E+00
 19 -0.3207960E+00
 20 -0.1388807E+00
 21 -0.9389190E-01
 22  0.2631285E+00
  1 -0.3125223E+00
  2 -0.3308609E+00
  3  0.1821345E+00
  4  0.3883727E+00
  5  0.3423719E+00
  6  0.2029210E+00
  7  0.8211768E-01
  8  0.1994156E-01
  9  0.1105235E-01
 10  0.2028438E-01
 11  0.1910623E-01
 12 -0.7160612E-02
 13 -0.5266888E-01
 14 -0.8996394E-01
 15 -0.9830753E-01
 16 -0.7556064E-01
 17 -0.5225847E-01
 18 -0.7268770E-01
 19 -0.1594938E+00
 20 -0.1099441E-01
 21 -0.2879551E+00
 22  0.2565170E+00
  1  0.6087273E+00
  2 -0.1130391E+00
  3 -0.2141177E+00
  4 -0.2170413E+00
  5 -0.2463093E+00
  6 -0.2720443E+00
  7 -0.2564303E+00
  8 -0.1954707E+00
  9 -0.1066775E+00
 10 -0.2029310E-01
 11  0.3466251E-01
 12  0.5250292E-01
 13  0.3977593E-01
 14  0.1978577E-01
 15  0.9613672E-02
 16  0.1469425E-01
 17  0.2077853E-01
 18  0.5452858E-02
 19 -0.3940730E-01
 20  0.2446486E+00
 21  0.2577406E+00
 22  0.1539867E-01
  1 -0.3184662E+00
  2 -0.1603746E+00
  3  0.2850968E+00
  4  0.4242715E+00
  5  0.3528098E+00
  6  0.2122713E+00
  7  0.9533442E-01
  8  0.3223419E-01
  9  0.1625264E-01
 10  0.1718875E-01
 11  0.8696031E-02
 12 -0.1950571E-01
 13 -0.5823334E-01
 14 -0.8923068E-01
 15 -0.9380955E-01
 16 -0.7208853E-01
 17 -0.4747025E-01
 18 -0.5761068E-01
 19 -0.1379378E+00
 20 -0.1023785E+00
 21 -0.3367732E+00
 22  0.1406402E+00
  1  0.5394748E+00
  2 -0.1252680E+00
  3 -0.2096697E+00
  4 -0.2089017E+00
  5 -0.2338914E+00
  6 -0.2554291E+00
  7 -0.2366820E+00
  8 -0.1732667E+00
  9 -0.8459935E-01
 10 -0.3372264E-02
 11  0.4920008E-01
 12  0.6441139E-01
 13  0.5015435E-01
 14  0.3064312E-01
 15  0.2180376E-01
 16  0.2625196E-01
 17  0.3331204E-01
 18  0.2097115E-01
 19 -0.2846085E-01
 20  0.1978953E+00
 21  0.2422137E+00
 22 -0.5999361E-02
  1 -0.3204699E+00
  2 -0.1556282E+00
  3  0.2649353E+00
  4  0.3913834E+00
  5  0.3220734E+00
  6  0.1933787E+00
  7  0.8779728E-01
  8  0.3345026E-01
  9  0.2148842E-01
 10  0.2335773E-01
 11  0.1318374E-01
 12 -0.1690091E-01
 13 -0.5679083E-01
 14 -0.8658823E-01
 15 -0.9072557E-01
 16 -0.6983309E-01
 17 -0.4763296E-01
 18 -0.5888309E-01
 19 -0.1340197E+00
 20 -0.9990060E-01
 21 -0.3179361E+00
 22  0.1020400E+00
  1  0.5039091E+00
  2 -0.8179983E-01
  3 -0.1657787E+00
  4 -0.1800520E+00
  5 -0.2142117E+00
  6 -0.2381334E+00
  7 -0.2199003E+00
  8 -0.1574370E+00
  9 -0.7229090E-01
 10  0.6509249E-02
 11  0.5314559E-01
 12  0.6398903E-01
 13  0.5008218E-01
 14  0.3249048E-01
 15  0.2602903E-01
 16  0.3223951E-01
 17  0.4033424E-01
 18  0.3051459E-01
 19 -0.2246767E-01
 20  0.1759688E+00
 21  0.2455230E+00
 22 -0.1154456E-01
  1 -0.3166174E+00
  2 -0.1677412E+00
  3  0.2275587E+00
  4  0.3470328E+00
  5  0.2866413E+00
  6  0.1718465E+00
  7  0.7984798E-01
  8  0.3721688E-01
  9  0.2900637E-01
 10  0.2983699E-01
 11  0.1799526E-01
 12 -0.1365518E-01
 13 -0.5428150E-01
 14 -0.8463600E-01
 15 -0.8713654E-01
 16 -0.6587970E-01
 17 -0.4514471E-01
 18 -0.5776487E-01
 19 -0.1286718E+00
 20 -0.9737357E-01
 21 -0.3071893E+00
 22  0.7632547E-01
  1  0.4908727E+00
  2 -0.3901006E-01
  3 -0.1021295E+00
  4 -0.1282775E+00
  5 -0.1851047E+00
  6 -0.2278993E+00
  7 -0.2176005E+00
  8 -0.1559141E+00
  9 -0.6663145E-01
 10  0.1386116E-01
 11  0.6068736E-01
 12  0.6556676E-01
 13  0.4604407E-01
 14  0.2423054E-01
 15  0.1929562E-01
 16  0.3196090E-01
 17  0.4585737E-01
 18  0.3708251E-01
 19 -0.3200631E-01
 20  0.1646082E+00
 21  0.2319612E+00
 22 -0.7912012E-02
  1 -0.3266267E+00
  2 -0.1997784E+00
  3  0.1848366E+00
  4  0.3070756E+00
  5  0.2561225E+00
  6  0.1545082E+00
  7  0.7409815E-01
  8  0.4031508E-01
  9  0.3551267E-01
 10  0.3755672E-01
 11  0.2323036E-01
 12 -0.1014840E-01
 13 -0.5217958E-01
 14 -0.8181166E-01
 15 -0.8290332E-01
 16 -0.6164064E-01
 17 -0.4170324E-01
 18 -0.5425958E-01
 19 -0.1224502E+00
 20 -0.9189717E-01
 21 -0.2923988E+00
 22  0.5737733E-01
  1  0.4526432E+00
  2 -0.1310097E-01
  3 -0.8042829E-01
  4 -0.1127749E+00
  5 -0.1689283E+00
  6 -0.2060352E+00
  7 -0.1962805E+00
  8 -0.1373884E+00
  9 -0.5463467E-01
 10  0.1728870E-01
 11  0.5744807E-01
 12  0.5972866E-01
 13  0.4045814E-01
 14  0.2146149E-01
 15  0.2101831E-01
 16  0.3609613E-01
 17  0.5398734E-01
 18  0.5213000E-01
 19 -0.1273249E-01
 20  0.1498171E+00
 21  0.2365942E+00
 22 -0.1062617E-01
  1 -0.2977180E+00
  2 -0.1942022E+00
  3  0.1616977E+00
  4  0.2740585E+00
  5  0.2261149E+00
  6  0.1326744E+00
  7  0.6325216E-01
  8  0.3534254E-01
  9  0.3731845E-01
 10  0.4004929E-01
 11  0.2506692E-01
 12 -0.1038746E-01
 13 -0.5272022E-01
 14 -0.7988421E-01
 15 -0.7953936E-01
 16 -0.5639708E-01
 17 -0.3690835E-01
 18 -0.4997074E-01
 19 -0.1155763E+00
 20 -0.8701889E-01
 21 -0.2794270E+00
 22  0.4157316E-01
  1  0.4072918E+00
  2 -0.2054765E-02
  3 -0.6382582E-01
  4 -0.9883565E-01
  5 -0.1514761E+00
  6 -0.1871363E+00
  7 -0.1776805E+00
  8 -0.1216204E+00
  9 -0.4459381E-01
 10  0.2113402E-01
 11  0.5488241E-01
 12  0.5453257E-01
 13  0.3437419E-01
 14  0.1670913E-01
 15  0.1902505E-01
 16  0.3712373E-01
 17  0.5620791E-01
 18  0.6321481E-01
 19  0.1754187E-02
 20  0.1333626E+00
 21  0.2289412E+00
 22 -0.1008658E-01
  1 -0.2680182E+00
  2 -0.1846008E+00
  3  0.1438540E+00
  4  0.2447494E+00
  5  0.1985045E+00
  6  0.1132831E+00
  7  0.5196859E-01
  8  0.3136251E-01
  9  0.3489841E-01
 10  0.4073240E-01
 11  0.2543736E-01
 12 -0.9206769E-02
 13 -0.5104264E-01
 14 -0.7759786E-01
 15 -0.7464729E-01
 16 -0.5138807E-01
 17 -0.3483604E-01
 18 -0.4580356E-01
 19 -0.1082503E+00
 20 -0.7883087E-01
 21 -0.2578039E+00
 22  0.2675193E-01
  1  0.3922499E+00
  2  0.3763334E-02
  3 -0.2931177E-01
  4 -0.6601980E-01
  5 -0.1327724E+00
  6 -0.1814535E+00
  7 -0.1778393E+00
  8 -0.1203584E+00
  9 -0.4024780E-01
 10  0.2931177E-01
 11  0.6116349E-01
 12  0.5517072E-01
 13  0.2728727E-01
 14  0.7476987E-02
 15  0.1025291E-01
 16  0.3429850E-01
 17  0.6255455E-01
 18  0.7305587E-01
 19  0.2415737E-02
 20  0.1239913E+00
 21  0.2134419E+00
 22 -0.5297234E-02
  1 -0.2687687E+00
  2 -0.1994017E+00
  3  0.1212614E+00
  4  0.2238119E+00
  5  0.1838092E+00
  6  0.1052248E+00
  7  0.4925460E-01
  8  0.3178209E-01
  9  0.3867044E-01
 10  0.4294851E-01
 11  0.2816029E-01
 12 -0.9404856E-02
 13 -0.4978257E-01
 14 -0.7271739E-01
 15 -0.6956435E-01
 16 -0.4668874E-01
 17 -0.3142188E-01
 18 -0.4462125E-01
 19 -0.1022593E+00
 20 -0.7533259E-01
 21 -0.2452664E+00
 22  0.1983112E-01
  1  0.3624208E+00
  2  0.1438412E-01
  3 -0.2077238E-01
  4 -0.5904172E-01
  5 -0.1229544E+00
  6 -0.1662332E+00
  7 -0.1592790E+00
  8 -0.1058247E+00
  9 -0.3136930E-01
 10  0.3179077E-01
 11  0.5813857E-01
 12  0.5096157E-01
 13  0.2471010E-01
 14  0.6394280E-02
 15  0.1141578E-01
 16  0.3646305E-01
 17  0.6449071E-01
 18  0.7851958E-01
 19  0.1536554E-01
 20  0.1108462E+00
 21  0.2107704E+00
 22 -0.4961287E-02
  1 -0.2418379E+00
  2 -0.1900714E+00
  3  0.1089267E+00
  4  0.2014486E+00
  5  0.1619489E+00
  6  0.8942086E-01
  7  0.3964714E-01
  8  0.2724312E-01
  9  0.3680540E-01
 10  0.4145183E-01
 11  0.2681609E-01
 12 -0.9399612E-02
 13 -0.4902134E-01
 14 -0.7225348E-01
 15 -0.6712411E-01
 16 -0.4476635E-01
 17 -0.2901221E-01
 18 -0.4175176E-01
 19 -0.9863746E-01
 20 -0.7131809E-01
 21 -0.2306387E+00
 22  0.9282689E-02
  1  0.3254336E+00
  2  0.2065546E-01
  3 -0.1240267E-01
  4 -0.4738606E-01
  5 -0.1069576E+00
  6 -0.1486970E+00
  7 -0.1408140E+00
  8 -0.9113878E-01
  9 -0.2160635E-01
 10  0.3303465E-01
 11  0.5687736E-01
 12  0.4733323E-01
 13  0.2262768E-01
 14  0.8769326E-02
 15  0.1489142E-01
 16  0.3915088E-01
 17  0.6568190E-01
 18  0.8383687E-01
 19  0.2705343E-01
 20  0.1015868E+00
 21  0.2007201E+00
 22  0.2406576E-03
  1 -0.2154394E+00
  2 -0.1793143E+00
  3  0.9499996E-01
  4  0.1796889E+00
  5  0.1414309E+00
  6  0.7261949E-01
  7  0.2917994E-01
  8  0.2239608E-01
  9  0.3389326E-01
 10  0.4151469E-01
 11  0.2631865E-01
 12 -0.9577511E-02
 13 -0.4814247E-01
 14 -0.7013798E-01
 15 -0.6216278E-01
 16 -0.4116613E-01
 17 -0.2836317E-01
 18 -0.4081237E-01
 19 -0.9740344E-01
 20 -0.6516974E-01
 21 -0.2143053E+00
 22 -0.1560703E-04
  1  0.2920442E+00
  2  0.2068219E-01
  3 -0.6948060E-02
  4 -0.3918914E-01
  5 -0.9763732E-01
  6 -0.1342231E+00
  7 -0.1282643E+00
  8 -0.7951219E-01
  9 -0.1854744E-01
 10  0.3284853E-01
 11  0.5147119E-01
 12  0.4089579E-01
 13  0.1725734E-01
 14  0.3320722E-02
 15  0.1323660E-01
 16  0.3704283E-01
 17  0.6379951E-01
 18  0.8273456E-01
 19  0.3116503E-01
 20  0.8617678E-01
 21  0.1899406E+00
 22  0.1550441E-02
  1 -0.1922823E+00
  2 -0.1687469E+00
  3  0.8575525E-01
  4  0.1647581E+00
  5  0.1259250E+00
  6  0.6208199E-01
  7  0.2203953E-01
  8  0.1755206E-01
  9  0.3253682E-01
 10  0.3978254E-01
 11  0.2554570E-01
 12 -0.8672595E-02
 13 -0.4612123E-01
 14 -0.6547146E-01
 15 -0.5775364E-01
 16 -0.3684925E-01
 17 -0.2792204E-01
 18 -0.4021750E-01
 19 -0.9189238E-01
 20 -0.5646469E-01
 21 -0.1952315E+00
 22 -0.6163642E-02
  1  0.2666160E+00
  2  0.2295555E-01
  3  0.2838099E-02
  4 -0.2989692E-01
  5 -0.8449898E-01
  6 -0.1184422E+00
  7 -0.1118200E+00
  8 -0.6838223E-01
  9 -0.9243768E-02
 10  0.3451311E-01
 11  0.5037910E-01
 12  0.3980747E-01
 13  0.1605407E-01
 14  0.5596411E-02
 15  0.1639031E-01
 16  0.3916348E-01
 17  0.6418776E-01
 18  0.8437930E-01
 19  0.3787551E-01
 20  0.7646910E-01
 21  0.1794214E+00
 22  0.7123742E-02
  1 -0.1729867E+00
  2 -0.1620323E+00
  3  0.7602536E-01
  4  0.1470358E+00
  5  0.1099852E+00
  6  0.4935951E-01
  7  0.1476539E-01
  8  0.1504489E-01
  9  0.3114868E-01
 10  0.3873294E-01
 11  0.2408580E-01
 12 -0.1141670E-01
 13 -0.4560769E-01
 14 -0.6248012E-01
 15 -0.5348220E-01
 16 -0.3500800E-01
 17 -0.2788600E-01
 18 -0.4024872E-01
 19 -0.8837195E-01
 20 -0.4967664E-01
 21 -0.1838605E+00
 22 -0.9943929E-02
  1  0.2415650E+00
  2  0.2255166E-01
  3  0.4871747E-02
  4 -0.2561066E-01
  5 -0.7760240E-01
  6 -0.1111948E+00
  7 -0.1045103E+00
  8 -0.6226773E-01
  9 -0.7772136E-02
 10  0.3362072E-01
 11  0.4621928E-01
 12  0.3441380E-01
 13  0.1476819E-01
 14  0.5053021E-02
 15  0.1726071E-01
 16  0.3935918E-01
 17  0.6303248E-01
 18  0.8395834E-01
 19  0.4049781E-01
 20  0.6493019E-01
 21  0.1667724E+00
 22  0.9092039E-02
  1 -0.1562615E+00
  2 -0.1570480E+00
  3  0.6674688E-01
  4  0.1343615E+00
  5  0.9914679E-01
  6  0.4259608E-01
  7  0.1096629E-01
  8  0.1131340E-01
  9  0.2830519E-01
 10  0.3610959E-01
 11  0.2095636E-01
 12 -0.1317365E-01
 13 -0.4696199E-01
 14 -0.6007598E-01
 15 -0.5319357E-01
 16 -0.3381545E-01
 17 -0.2910244E-01
 18 -0.4279133E-01
 19 -0.8695479E-01
 20 -0.4474378E-01
 21 -0.1673906E+00
 22 -0.1709484E-01
  1  0.2503868E+00
  2  0.1845166E-01
  3  0.2544699E-01
  4 -0.4646262E-02
  5 -0.6921966E-01
  6 -0.1144151E+00
  7 -0.1121698E+00
  8 -0.6520328E-01
  9 -0.1445010E-02
 10  0.4428399E-01
 11  0.5543650E-01
 12  0.3576213E-01
 13  0.9196189E-02
 14  0.6669275E-04
 15  0.1399807E-01
 16  0.4150512E-01
 17  0.6931600E-01
 18  0.9126533E-01
 19  0.3731089E-01
 20  0.7032380E-01
 21  0.1647237E+00
 22  0.1375353E-01
  1 -0.1508095E+00
  2 -0.1670415E+00
  3  0.6608443E-01
  4  0.1345776E+00
  5  0.9462695E-01
  6  0.3345532E-01
  7  0.1976559E-02
  8  0.7721925E-02
  9  0.2960389E-01
 10  0.4044001E-01
 11  0.2648334E-01
 12 -0.1155429E-01
 13 -0.4890553E-01
 14 -0.6422862E-01
 15 -0.5076769E-01
 16 -0.3037290E-01
 17 -0.2708711E-01
 18 -0.3991886E-01
 19 -0.8616143E-01
 20 -0.4232123E-01
 21 -0.1712996E+00
 22 -0.1598407E-01
  1  0.2207839E+00
  2  0.1058508E-01
  3  0.2475661E-01
  4 -0.1938421E-02
  5 -0.6246506E-01
  6 -0.1055314E+00
  7 -0.1029178E+00
  8 -0.5878424E-01
  9 -0.1735141E-02
 10  0.4112792E-01
 11  0.5042798E-01
 12  0.3445597E-01
 13  0.5728142E-02
 14 -0.2265121E-02
 15  0.1195722E-01
 16  0.4132393E-01
 17  0.6504963E-01
 18  0.8547927E-01
 19  0.3894991E-01
 20  0.5599640E-01
 21  0.1463326E+00
 22  0.1342375E-01
  1 -0.1317587E+00
  2 -0.1591794E+00
  3  0.6031518E-01
  4  0.1252199E+00
  5  0.8602531E-01
  6  0.2835020E-01
  7 -0.8778751E-03
  8  0.6035391E-02
  9  0.2875686E-01
 10  0.4019506E-01
 11  0.2441913E-01
 12 -0.9979374E-02
 13 -0.4705023E-01
 14 -0.6048947E-01
 15 -0.4887053E-01
 16 -0.2845348E-01
 17 -0.2832438E-01
 18 -0.4133113E-01
 19 -0.8429537E-01
 20 -0.3239746E-01
 21 -0.1470570E+00
 22 -0.1985547E-01
  1  0.2042251E+00
  2  0.1150230E-01
  3  0.2844322E-01
  4  0.1099220E-02
  5 -0.5643382E-01
  6 -0.9851313E-01
  7 -0.9479877E-01
  8 -0.5359597E-01
  9  0.3110865E-02
 10  0.4082921E-01
 11  0.4863152E-01
 12  0.2943468E-01
 13  0.4166979E-02
 14 -0.2967176E-02
 15  0.1482870E-01
 16  0.4158358E-01
 17  0.6262682E-01
 18  0.8578947E-01
 19  0.4151892E-01
 20  0.4660550E-01
 21  0.1352544E+00
 22  0.1628714E-01
  1 -0.1204706E+00
  2 -0.1546626E+00
  3  0.5512443E-01
  4  0.1161420E+00
  5  0.7859924E-01
  6  0.2235356E-01
  7 -0.3631067E-02
  8  0.6323403E-02
  9  0.2846835E-01
 10  0.3785567E-01
 11  0.2308368E-01
 12 -0.1294016E-01
 13 -0.4788185E-01
 14 -0.5910100E-01
 15 -0.4400307E-01
 16 -0.2698203E-01
 17 -0.3051531E-01
 18 -0.4385965E-01
 19 -0.8240633E-01
 20 -0.2684513E-01
 21 -0.1341865E+00
 22 -0.2030008E-01
  1  0.2152020E+00
  2 -0.1658662E-02
  3  0.4151368E-01
  4  0.2040343E-01
  5 -0.5392537E-01
  6 -0.1073136E+00
  7 -0.1071911E+00
  8 -0.5868460E-01
  9  0.5937257E-02
 10  0.5206880E-01
 11  0.5778930E-01
 12  0.3054389E-01
 13 -0.3270203E-02
 14 -0.1196876E-01
 15  0.1255306E-01
 16  0.4327601E-01
 17  0.6613916E-01
 18  0.9329975E-01
 19  0.3735759E-01
 20  0.5072114E-01
 21  0.1284898E+00
 22  0.1754789E-01
  1 -0.1136598E+00
  2 -0.1656611E+00
  3  0.5548799E-01
  4  0.1197079E+00
  5  0.7706537E-01
  6  0.1568986E-01
  7 -0.9527082E-02
  8  0.3219022E-02
  9  0.3007224E-01
 10  0.4327711E-01
 11  0.2686851E-01
 12 -0.1286844E-01
 13 -0.4932521E-01
 14 -0.6256066E-01
 15 -0.4740602E-01
 16 -0.2647091E-01
 17 -0.2874181E-01
 18 -0.4180141E-01
 19 -0.8164541E-01
 20 -0.2228848E-01
 21 -0.1335474E+00
 22 -0.2429176E-01
  1  0.1927177E+00
  2 -0.3385667E-02
  3  0.4276006E-01
  4  0.2377287E-01
  5 -0.4556925E-01
  6 -0.9583268E-01
  7 -0.9612550E-01
  8 -0.4931179E-01
  9  0.1007465E-01
 10  0.5078501E-01
 11  0.5216673E-01
 12  0.2737815E-01
 13 -0.3660181E-02
 14 -0.8702080E-02
 15  0.1492439E-01
 16  0.4479146E-01
 17  0.6576430E-01
 18  0.8816461E-01
 19  0.4044500E-01
 20  0.3892602E-01
 21  0.1154513E+00
 22  0.1965517E-01
  1 -0.9803969E-01
  2 -0.1597093E+00
  3  0.5100169E-01
  4  0.1098147E+00
  5  0.6698037E-01
  6  0.8314485E-02
  7 -0.1689992E-01
  8 -0.8283518E-03
  9  0.2569439E-01
 10  0.4110018E-01
 11  0.2301579E-01
 12 -0.1426004E-01
 13 -0.4953853E-01
 14 -0.6010582E-01
 15 -0.4249367E-01
 16 -0.2603502E-01
 17 -0.3160123E-01
 18 -0.4387942E-01
 19 -0.8285840E-01
 20 -0.1613351E-01
 21 -0.1147693E+00
 22 -0.2301579E-01
  1  0.2008197E+00
  2 -0.2718998E-01
  3  0.5764610E-01
  4  0.4440276E-01
  5 -0.3978964E-01
  6 -0.1078063E+00
  7 -0.1096778E+00
  8 -0.5547663E-01
  9  0.1792799E-01
 10  0.6205658E-01
 11  0.6191353E-01
 12  0.2492514E-01
 13 -0.1208709E-01
 14 -0.1854784E-01
 15  0.1076394E-01
 16  0.4783577E-01
 17  0.7227220E-01
 18  0.9498018E-01
 19  0.3574869E-01
 20  0.3918171E-01
 21  0.1037892E+00
 22  0.2270799E-01
  1 -0.8556274E-01
  2 -0.1699203E+00
  3  0.5614020E-01
  4  0.1152981E+00
  5  0.6761298E-01
  6  0.2686486E-02
  7 -0.2064546E-01
  8 -0.1067234E-02
  9  0.3240344E-01
 10  0.4775873E-01
 11  0.3161221E-01
 12 -0.1201559E-01
 13 -0.5321451E-01
 14 -0.6263561E-01
 15 -0.4188894E-01
 16 -0.2433478E-01
 17 -0.2992856E-01
 18 -0.4097812E-01
 19 -0.8076020E-01
 20 -0.8666678E-02
 21 -0.1090695E+00
 22 -0.2240272E-01
  1  0.2061058E+00
  2 -0.5428666E-01
  3  0.7883525E-01
  4  0.7253264E-01
  5 -0.2704556E-01
  6 -0.1132213E+00
  7 -0.1199902E+00
  8 -0.5885944E-01
  9  0.2651909E-01
 10  0.7832382E-01
 11  0.7432264E-01
 12  0.2527060E-01
 13 -0.2069782E-01
 14 -0.2784279E-01
 15  0.9641938E-02
 16  0.5615188E-01
 17  0.7035154E-01
 18  0.9887123E-01
 19  0.3256598E-01
 20  0.3992153E-01
 21  0.9742719E-01
 22  0.2322489E-01
  1 -0.8287387E-01
  2 -0.1751925E+00
  3  0.4739622E-01
  4  0.1100478E+00
  5  0.5813541E-01
  6 -0.5599715E-02
  7 -0.2671371E-01
  8 -0.5724367E-02
  9  0.2801775E-01
 10  0.4512373E-01
 11  0.2699178E-01
 12 -0.1611836E-01
 13 -0.5675465E-01
 14 -0.6177905E-01
 15 -0.4107736E-01
 16 -0.2278240E-01
 17 -0.3332023E-01
 18 -0.4676338E-01
 19 -0.8384231E-01
 20 -0.1157338E-01
 21 -0.1108629E+00
 22 -0.2380838E-01
  1  0.1906857E+00
  2 -0.4762935E-01
  3  0.6574981E-01
  4  0.5943850E-01
  5 -0.3178095E-01
  6 -0.1064788E+00
  7 -0.1106443E+00
  8 -0.5615663E-01
  9  0.2164078E-01
 10  0.6995735E-01
 11  0.6173863E-01
 12  0.1924248E-01
 13 -0.2468423E-01
 14 -0.2959303E-01
 15  0.8513254E-02
 16  0.4786777E-01
 17  0.6553943E-01
 18  0.9011147E-01
 19  0.3385666E-01
 20  0.3154252E-01
 21  0.9374398E-01
 22  0.2234203E-01
  1 -0.7278815E-01
  2 -0.1709645E+00
  3  0.5046948E-01
  4  0.1086426E+00
  5  0.5866818E-01
  6 -0.6099510E-02
  7 -0.2638830E-01
  8 -0.5059821E-02
  9  0.2864591E-01
 10  0.4677611E-01
 11  0.2593282E-01
 12 -0.1624886E-01
 13 -0.5376679E-01
 14 -0.5972767E-01
 15 -0.3894379E-01
 16 -0.2378413E-01
 17 -0.3576531E-01
 18 -0.4655827E-01
 19 -0.7953127E-01
 20 -0.5515303E-02
 21 -0.9483946E-01
 22 -0.2535851E-01
  1  0.2055077E+00
  2 -0.7655276E-01
  3  0.8762908E-01
  4  0.8578888E-01
  5 -0.2306397E-01
  6 -0.1176333E+00
  7 -0.1234869E+00
  8 -0.5476818E-01
  9  0.3594545E-01
 10  0.8500021E-01
 11  0.7693833E-01
 12  0.2150418E-01
 13 -0.3077534E-01
 14 -0.3173925E-01
 15  0.1077838E-01
 16  0.5674860E-01
 17  0.6531872E-01
 18  0.9919612E-01
 19  0.3843412E-01
 20  0.3389493E-01
 21  0.9237858E-01
 22  0.2550006E-01
  1 -0.6860462E-01
  2 -0.1752799E+00
  3  0.5220190E-01
  4  0.1124010E+00
  5  0.5769739E-01
  6 -0.7442460E-02
  7 -0.2828344E-01
  8 -0.4532469E-02
  9  0.3285778E-01
 10  0.4816140E-01
 11  0.2871261E-01
 12 -0.1577467E-01
 13 -0.5450477E-01
 14 -0.5712166E-01
 15 -0.3541188E-01
 16 -0.1831829E-01
 17 -0.3466868E-01
 18 -0.4567011E-01
 19 -0.7727179E-01
 20 -0.6458506E-02
 21 -0.9998646E-01
 22 -0.2284029E-01
  1  0.1880171E+00
  2 -0.6836694E-01
  3  0.7182513E-01
  4  0.6613585E-01
  5 -0.3039062E-01
  6 -0.1154270E+00
  7 -0.1161601E+00
  8 -0.5354614E-01
  9  0.2439855E-01
 10  0.7050242E-01
 11  0.6092467E-01
 12  0.1118732E-01
 13 -0.3131493E-01
 14 -0.2782487E-01
 15  0.1067736E-01
 16  0.5201625E-01
 17  0.5622345E-01
 18  0.8729933E-01
 19  0.3026313E-01
 20  0.1912362E-01
 21  0.8400051E-01
 22  0.2231089E-01
  1 -0.6155741E-01
  2 -0.1678809E+00
  3  0.5488225E-01
  4  0.1126066E+00
  5  0.5787681E-01
  6 -0.6283146E-02
  7 -0.2847561E-01
  8 -0.4802197E-02
  9  0.3715441E-01
 10  0.5196391E-01
 11  0.3007634E-01
 12 -0.1589843E-01
 13 -0.5192035E-01
 14 -0.5560094E-01
 15 -0.3322336E-01
 16 -0.1888211E-01
 17 -0.3566257E-01
 18 -0.4636679E-01
 19 -0.7384057E-01
 20  0.2036306E-02
 21 -0.8498037E-01
 22 -0.2107086E-01
  1  0.2035942E+00
  2 -0.1006893E+00
  3  0.9198532E-01
  4  0.9386460E-01
  5 -0.2528113E-01
  6 -0.1259704E+00
  7 -0.1334677E+00
  8 -0.6223351E-01
  9  0.3174977E-01
 10  0.8492323E-01
 11  0.7070012E-01
 12  0.1566718E-01
 13 -0.3970205E-01
 14 -0.3665566E-01
 15  0.1042500E-01
 16  0.5627919E-01
 17  0.6005752E-01
 18  0.9044235E-01
 19  0.3538962E-01
 20  0.2532069E-01
 21  0.7805895E-01
 22  0.2122586E-01
  1 -0.5967489E-01
  2 -0.1738169E+00
  3  0.5532167E-01
  4  0.1126756E+00
  5  0.5917837E-01
  6 -0.1049622E-01
  7 -0.3201983E-01
  8 -0.5865875E-02
  9  0.3465254E-01
 10  0.5092226E-01
 11  0.2787445E-01
 12 -0.1862531E-01
 13 -0.5654565E-01
 14 -0.6137230E-01
 15 -0.3461790E-01
 16 -0.1965299E-01
 17 -0.3966394E-01
 18 -0.5017171E-01
 19 -0.7662588E-01
 20 -0.3879791E-02
 21 -0.8585193E-01
 22 -0.2281687E-01
  1  0.1874624E+00
  2 -0.7574027E-01
  3  0.8007628E-01
  4  0.8037350E-01
  5 -0.1947707E-01
  6 -0.1040817E+00
  7 -0.1121243E+00
  8 -0.4542318E-01
  9  0.3762536E-01
 10  0.8046092E-01
 11  0.6675354E-01
 12  0.1103234E-01
 13 -0.3059683E-01
 14 -0.2098068E-01
 15  0.2183739E-01
 16  0.6150837E-01
 17  0.5955017E-01
 18  0.8797900E-01
 19  0.4404195E-01
 20  0.2423269E-01
 21  0.7990144E-01
 22  0.2921560E-01
  1 -0.5228961E-01
  2 -0.1665641E+00
  3  0.5411801E-01
  4  0.1115680E+00
  5  0.5036499E-01
  6 -0.1584206E-01
  7 -0.3472742E-01
  8 -0.9322395E-02
  9  0.3068571E-01
 10  0.4939065E-01
 11  0.2334809E-01
 12 -0.1854856E-01
 13 -0.5834015E-01
 14 -0.6025274E-01
 15 -0.3197281E-01
 16 -0.1964319E-01
 17 -0.4052535E-01
 18 -0.5285497E-01
 19 -0.7711725E-01
 20 -0.2369693E-02
 21 -0.8583821E-01
 22 -0.1981159E-01
  1  0.1985274E+00
  2 -0.1142183E+00
  3  0.9378036E-01
  4  0.9328188E-01
  5 -0.2683154E-01
  6 -0.1324239E+00
  7 -0.1348729E+00
  8 -0.5873464E-01
  9  0.3708301E-01
 10  0.9000921E-01
 11  0.7176029E-01
 12  0.6176890E-02
 13 -0.4759457E-01
 14 -0.3576094E-01
 15  0.2108812E-01
 16  0.6259249E-01
 17  0.5153911E-01
 18  0.8088475E-01
 19  0.4117927E-01
 20  0.2635473E-01
 21  0.7958435E-01
 22  0.2368892E-01
  1 -0.5354586E-01
  2 -0.1686650E+00
  3  0.6278057E-01
  4  0.1199484E+00
  5  0.5341743E-01
  6 -0.1795565E-01
  7 -0.3497371E-01
  8 -0.5561372E-02
  9  0.3204532E-01
 10  0.5159361E-01
 11  0.2599588E-01
 12 -0.2164183E-01
 13 -0.5949255E-01
 14 -0.6071271E-01
 15 -0.3056828E-01
 16 -0.1663274E-01
 17 -0.4652030E-01
 18 -0.5312202E-01
 19 -0.7595833E-01
 20 -0.3223798E-02
 21 -0.8728656E-01
 22 -0.2143633E-01
  1  0.2185778E+00
  2 -0.1278891E+00
  3  0.1080070E+00
  4  0.1264564E+00
  5 -0.1136122E-01
  6 -0.1339468E+00
  7 -0.1424174E+00
  8 -0.5459419E-01
  9  0.5225659E-01
 10  0.1145925E+00
 11  0.8631512E-01
 12  0.1372395E-01
 13 -0.4893871E-01
 14 -0.4325810E-01
 15  0.2842819E-01
 16  0.7276711E-01
 17  0.5487067E-01
 18  0.8905488E-01
 19  0.4129753E-01
 20  0.2785007E-01
 21  0.8176560E-01
 22  0.3041389E-01
