  1 -0.7401051E-01
  2  0.5202270E-01
  3  0.1067656E+00
  4  0.7369883E-01
  5 -0.3485181E-02
  6 -0.8834793E-01
  7 -0.1565498E+00
  8 -0.1978336E+00
  9 -0.2151462E+00
 10 -0.2159679E+00
 11 -0.2103293E+00
 12 -0.2055407E+00
 13 -0.2009788E+00
 14 -0.1927617E+00
 15 -0.1676004E+00
 16 -0.1044704E+00
 17  0.1343070E-01
 18  0.1596666E+00
 19  0.2151745E+00
 20  0.1564648E+00
 21  0.1422691E+00
 22 -0.6233658E-01
  1 -0.9186558E-01
  2 -0.1008017E-01
  3  0.2887999E-01
  4  0.8286765E-02
  5 -0.4378380E-01
  6 -0.1017293E+00
  7 -0.1463170E+00
  8 -0.1717030E+00
  9 -0.1802062E+00
 10 -0.1780417E+00
 11 -0.1737438E+00
 12 -0.1704971E+00
 13 -0.1733727E+00
 14 -0.1823397E+00
 15 -0.1938423E+00
 16 -0.2000264E+00
 17 -0.1758464E+00
 18 -0.7535390E-01
 19  0.1340106E+00
 20  0.1763411E+00
 21  0.1162930E+00
 22 -0.5844024E-01
  1 -0.9816508E-01
  2 -0.2360338E-01
  3  0.8440945E-02
  4 -0.2000817E-01
  5 -0.8056413E-01
  6 -0.1457783E+00
  7 -0.1960488E+00
  8 -0.2247167E+00
  9 -0.2295625E+00
 10 -0.2121179E+00
 11 -0.1761344E+00
 12 -0.1189548E+00
 13 -0.3710890E-01
 14  0.6530791E-01
 15  0.1670682E+00
 16  0.2118677E+00
 17  0.1237693E+00
 18 -0.9519511E-01
 19 -0.1866387E+00
 20  0.5999324E-01
 21  0.2903060E+00
 22 -0.5939925E-01
  1 -0.1010473E+00
  2 -0.1128604E+00
  3 -0.1178279E+00
  4 -0.1198270E+00
  5 -0.1205843E+00
  6 -0.1205843E+00
  7 -0.1200391E+00
  8 -0.1205237E+00
  9 -0.1214324E+00
 10 -0.1235224E+00
 11 -0.1273692E+00
 12 -0.1322762E+00
 13 -0.1391823E+00
 14 -0.1481179E+00
 15 -0.1581741E+00
 16 -0.1655043E+00
 17 -0.1518738E+00
 18 -0.7284734E-01
 19  0.1047124E+00
 20 -0.1358504E+00
 21 -0.2378064E+00
 22 -0.4349637E-01
  1 -0.1157035E+00
  2 -0.2834557E-01
  3  0.2000864E-01
  4 -0.2157794E-02
  5 -0.6251064E-01
  6 -0.1230923E+00
  7 -0.1532034E+00
  8 -0.1373469E+00
  9 -0.7218802E-01
 10  0.2906483E-01
 11  0.1458146E+00
 12  0.2337937E+00
 13  0.2671415E+00
 14  0.2217951E+00
 15  0.9710074E-01
 16 -0.6081056E-01
 17 -0.1677521E+00
 18 -0.1798489E+00
 19 -0.1373469E+00
 20 -0.6012399E-01
 21  0.1671964E+00
 22 -0.5940473E-01
  1 -0.1072864E+00
  2 -0.3815906E-01
  3  0.1645889E-01
  4  0.1546816E-01
  5 -0.2464040E-01
  6 -0.8334910E-01
  7 -0.1397248E+00
  8 -0.1797055E+00
  9 -0.2014696E+00
 10 -0.2073181E+00
 11 -0.2047614E+00
 12 -0.1994562E+00
 13 -0.1922654E+00
 14 -0.1780117E+00
 15 -0.1427609E+00
 16 -0.6158501E-01
 17  0.8312539E-01
 18  0.2488968E+00
 19  0.1980180E+00
 20 -0.1479702E+00
 21 -0.2048573E-01
 22 -0.5004781E-01
  1 -0.1506186E+00
  2 -0.1901814E+00
  3 -0.1986891E+00
  4 -0.1826890E+00
  5 -0.1439665E+00
  6 -0.9299000E-01
  7 -0.2912940E-01
  8  0.4688013E-01
  9  0.1167627E+00
 10  0.1601767E+00
 11  0.1684393E+00
 12  0.1285615E+00
 13  0.3000468E-01
 14 -0.8031592E-01
 15 -0.1588813E+00
 16 -0.1938225E+00
 17 -0.1700499E+00
 18 -0.1356338E+00
 19 -0.1172528E+00
 20 -0.6960246E-01
 21 -0.3536141E-02
 22  0.8087610E-02
  1 -0.1159479E+00
  2  0.8277357E-02
  3  0.9812724E-01
  4  0.9608225E-01
  5  0.3291466E-01
  6 -0.5839593E-01
  7 -0.1462657E+00
  8 -0.2092710E+00
  9 -0.2387449E+00
 10 -0.2395564E+00
 11 -0.2165097E+00
 12 -0.1760318E+00
 13 -0.1162076E+00
 14 -0.3372617E-01
 15  0.7228891E-01
 16  0.1697020E+00
 17  0.1768108E+00
 18  0.7920293E-02
 19 -0.1601263E+00
 20 -0.5693522E-01
 21  0.6816646E-03
 22  0.1525630E-02
  1 -0.1536128E+00
  2 -0.1087449E+00
  3 -0.5061251E-01
  4 -0.2237535E-01
  5 -0.1043401E-01
  6  0.8792710E-02
  7  0.5009332E-01
  8  0.1154776E+00
  9  0.1907432E+00
 10  0.2402336E+00
 11  0.2397646E+00
 12  0.1803092E+00
 13  0.7044216E-01
 14 -0.5520147E-01
 15 -0.1465954E+00
 16 -0.1947124E+00
 17 -0.1778305E+00
 18 -0.1297971E+00
 19 -0.6138149E-01
 20  0.1175041E+00
 21  0.8889848E-01
 22 -0.7704088E-03
  1 -0.1186978E+00
  2 -0.4164834E-03
  3  0.7673706E-01
  4  0.6816444E-01
  5  0.6386078E-02
  6 -0.7170455E-01
  7 -0.1386195E+00
  8 -0.1783590E+00
  9 -0.1913047E+00
 10 -0.1836865E+00
 11 -0.1650836E+00
 12 -0.1450403E+00
 13 -0.1289016E+00
 14 -0.1147932E+00
 15 -0.1026979E+00
 16 -0.9237254E-01
 17 -0.8605587E-01
 18 -0.1004246E+00
 19 -0.1455262E+00
 20 -0.1847277E+00
 21 -0.1106284E+00
 22  0.4130126E-02
  1 -0.1636819E+00
  2 -0.1149472E+00
  3 -0.6124474E-01
  4 -0.4975002E-01
  5 -0.6273144E-01
  6 -0.7538650E-01
  7 -0.6545100E-01
  8 -0.2538266E-01
  9  0.3734877E-01
 10  0.1003522E+00
 11  0.1359242E+00
 12  0.1435752E+00
 13  0.1351264E+00
 14  0.1401667E+00
 15  0.1759562E+00
 16  0.1981298E+00
 17  0.1000077E+00
 18 -0.9581954E-01
 19 -0.1342743E+00
 20  0.1000802E-01
 21  0.8194973E-01
 22  0.6581361E-02
  1 -0.1320688E+00
  2 -0.6164240E-03
  3  0.8529768E-01
  4  0.7628248E-01
  5  0.9130781E-02
  6 -0.7741901E-01
  7 -0.1518522E+00
  8 -0.1969090E+00
  9 -0.2113371E+00
 10 -0.2030732E+00
 11 -0.1842915E+00
 12 -0.1653557E+00
 13 -0.1501570E+00
 14 -0.1422976E+00
 15 -0.1387147E+00
 16 -0.1380405E+00
 17 -0.1297380E+00
 18 -0.8057818E-01
 19  0.8034702E-01
 20  0.1242480E-01
 21 -0.1232270E+00
 22  0.8186881E-02
  1 -0.1509570E+00
  2 -0.1614363E+00
  3 -0.1330324E+00
  4 -0.9247655E-01
  5 -0.3844033E-01
  6  0.2878105E-01
  7  0.1047105E+00
  8  0.1782129E+00
  9  0.2305272E+00
 10  0.2423184E+00
 11  0.2011885E+00
 12  0.1095976E+00
 13 -0.7953738E-02
 14 -0.1138122E+00
 15 -0.1722763E+00
 16 -0.1725879E+00
 17 -0.1427409E+00
 18 -0.1134843E+00
 19 -0.8962304E-01
 20 -0.7405996E-01
 21 -0.1182565E+00
 22  0.1843299E-01
  1 -0.9736668E-01
  2  0.4603161E-01
  3  0.1260375E+00
  4  0.1040399E+00
  5  0.2367507E-01
  6 -0.7641657E-01
  7 -0.1652787E+00
  8 -0.2246202E+00
  9 -0.2497823E+00
 10 -0.2442151E+00
 11 -0.2141891E+00
 12 -0.1623046E+00
 13 -0.8782193E-01
 14  0.1594698E-01
 15  0.1438085E+00
 16  0.2674727E+00
 17  0.3125373E+00
 18  0.1969236E+00
 19 -0.4727690E-01
 20 -0.7145741E-01
 21 -0.2352857E-01
 22  0.6790468E-02
  1 -0.1204116E+00
  2 -0.1073425E+00
  3 -0.6862037E-01
  4 -0.3155991E-01
  5  0.8587400E-02
  6  0.5766779E-01
  7  0.1119758E+00
  8  0.1686551E+00
  9  0.2074925E+00
 10  0.2137693E+00
 11  0.1796077E+00
 12  0.1046923E+00
 13  0.4657573E-02
 14 -0.9330914E-01
 15 -0.1593581E+00
 16 -0.1740707E+00
 17 -0.1494365E+00
 18 -0.1203085E+00
 19 -0.1090406E+00
 20 -0.9213869E-01
 21 -0.5909902E-01
 22  0.8065243E-01
  1 -0.9236239E-01
  2  0.3601029E-01
  3  0.9684436E-01
  4  0.6494070E-01
  5 -0.1391692E-01
  6 -0.1006566E+00
  7 -0.1697039E+00
  8 -0.2084446E+00
  9 -0.2173570E+00
 10 -0.2018873E+00
 11 -0.1700793E+00
 12 -0.1231916E+00
 13 -0.6398395E-01
 14  0.6130508E-02
 15  0.5670536E-01
 16  0.6311553E-01
 17  0.5004496E-03
 18 -0.1031957E+00
 19 -0.7238857E-01
 20  0.1674298E-01
 21 -0.1254583E+00
 22  0.1365933E-01
  1 -0.3746298E-01
  2 -0.9906892E-01
  3 -0.6935793E-01
  4 -0.2623750E-01
  5  0.1239573E-01
  6  0.5398067E-01
  7  0.1089751E+00
  8  0.1741663E+00
  9  0.2351387E+00
 10  0.2721544E+00
 11  0.2668920E+00
 12  0.2133586E+00
 13  0.1146549E+00
 14 -0.8862610E-02
 15 -0.1266928E+00
 16 -0.1992932E+00
 17 -0.2030126E+00
 18 -0.1619793E+00
 19 -0.9277788E-01
 20  0.1141257E+00
 21  0.1654528E+00
 22  0.7279415E-01
  1  0.6574387E-02
  2  0.3343978E-02
  3  0.1415197E-01
  4 -0.1157142E-01
  5 -0.6892379E-01
  6 -0.1344847E+00
  7 -0.1894079E+00
  8 -0.2212451E+00
  9 -0.2287470E+00
 10 -0.2170305E+00
 11 -0.1895467E+00
 12 -0.1473180E+00
 13 -0.8701913E-01
 14 -0.3110530E-02
 15  0.1017011E+00
 16  0.2064054E+00
 17  0.2627483E+00
 18  0.2216742E+00
 19  0.6121372E-01
 20 -0.1043384E+00
 21 -0.5582550E-01
 22  0.4145271E-01
  1 -0.1014354E+00
  2 -0.9727521E-01
  3 -0.1960529E-01
  4  0.3195655E-01
  5  0.7430948E-01
  6  0.1063226E+00
  7  0.1462036E+00
  8  0.1878457E+00
  9  0.2164660E+00
 10  0.2093089E+00
 11  0.1541928E+00
 12  0.5514847E-01
 13 -0.6229750E-01
 14 -0.1609541E+00
 15 -0.2057223E+00
 16 -0.1907053E+00
 17 -0.1405087E+00
 18 -0.9458524E-01
 19 -0.7914012E-01
 20 -0.9397132E-01
 21 -0.1239245E+00
 22  0.1011284E+00
  1  0.6777223E-01
  2  0.6889435E-01
  3  0.3282193E-01
  4 -0.2990077E-01
  5 -0.1054119E+00
  6 -0.1747759E+00
  7 -0.2236612E+00
  8 -0.2452314E+00
  9 -0.2375962E+00
 10 -0.2061586E+00
 11 -0.1533093E+00
 12 -0.8064609E-01
 13  0.1136754E-01
 14  0.1142181E+00
 15  0.2078539E+00
 16  0.2555378E+00
 17  0.1957302E+00
 18  0.2432677E-01
 19 -0.1006612E+00
 20  0.1291655E-01
 21  0.5756950E-02
 22  0.3248042E-01
  1 -0.4115174E-01
  2 -0.7617873E-01
  3 -0.9617484E-02
  4  0.6140394E-01
  5  0.1124719E+00
  6  0.1471859E+00
  7  0.1761664E+00
  8  0.2000821E+00
  9  0.2100837E+00
 10  0.1805626E+00
 11  0.1143997E+00
 12  0.1874414E-01
 13 -0.8790182E-01
 14 -0.1750140E+00
 15 -0.2298664E+00
 16 -0.2358489E+00
 17 -0.1806906E+00
 18 -0.6020176E-01
 19  0.1563055E+00
 20  0.1949390E+00
 21  0.1313868E-01
 22  0.7977106E-01
  1  0.1426985E-01
  2  0.4779166E-02
  3  0.1002509E-01
  4 -0.2258351E-01
  5 -0.8560897E-01
  6 -0.1557744E+00
  7 -0.2086091E+00
  8 -0.2311351E+00
  9 -0.2177243E+00
 10 -0.1744480E+00
 11 -0.1035114E+00
 12 -0.1020435E-01
 13  0.9380087E-01
 14  0.1899152E+00
 15  0.2396990E+00
 16  0.1992503E+00
 17  0.5103866E-01
 18 -0.1293656E+00
 19 -0.1858768E+00
 20 -0.1259867E+00
 21 -0.7306746E-01
 22  0.1558218E-01
  1 -0.3016093E-01
  2 -0.2908102E-01
  3  0.4428019E-01
  4  0.1026069E+00
  5  0.1339358E+00
  6  0.1537112E+00
  7  0.1709936E+00
  8  0.1854844E+00
  9  0.1853771E+00
 10  0.1547643E+00
 11  0.8672607E-01
 12 -0.1372866E-01
 13 -0.1254535E+00
 14 -0.2130412E+00
 15 -0.2418848E+00
 16 -0.1919485E+00
 17 -0.5478827E-01
 18  0.1553923E+00
 19  0.2644174E+00
 20 -0.5346327E-01
 21 -0.3634553E-01
 22  0.7898288E-01
  1  0.6866611E-01
  2  0.3388455E-01
  3 -0.3024785E-02
  4 -0.5359433E-01
  5 -0.1216624E+00
  6 -0.1885345E+00
  7 -0.2352414E+00
  8 -0.2474970E+00
  9 -0.2236846E+00
 10 -0.1655635E+00
 11 -0.9200563E-01
 12  0.2910052E-02
 13  0.1098275E+00
 14  0.2074864E+00
 15  0.2538282E+00
 16  0.1829682E+00
 17  0.5687987E-02
 18 -0.1849083E+00
 19 -0.2414857E+00
 20 -0.2505009E-01
 21  0.1045915E+00
 22  0.2704923E-01
  1 -0.3329528E-01
  2 -0.6796848E-01
  3 -0.1062859E-01
  4  0.5127938E-01
  5  0.1046119E+00
  6  0.1442993E+00
  7  0.1760034E+00
  8  0.1960880E+00
  9  0.1953773E+00
 10  0.1632902E+00
 11  0.9069046E-01
 12 -0.1509402E-01
 13 -0.1311912E+00
 14 -0.2223239E+00
 15 -0.2540991E+00
 16 -0.2030250E+00
 17 -0.6461250E-01
 18  0.1519904E+00
 19  0.2319930E+00
 20 -0.2327471E-01
 21 -0.1941336E-01
 22  0.7129288E-01
  1  0.6434723E-01
  2  0.3300615E-01
  3 -0.1572195E-02
  4 -0.4932846E-01
  5 -0.1140671E+00
  6 -0.1770942E+00
  7 -0.2202201E+00
  8 -0.2310596E+00
  9 -0.2062064E+00
 10 -0.1541713E+00
 11 -0.8281223E-01
 12  0.8859353E-02
 13  0.1116823E+00
 14  0.2056557E+00
 15  0.2552695E+00
 16  0.1938776E+00
 17  0.3805443E-01
 18 -0.1329964E+00
 19 -0.1661850E+00
 20 -0.9199333E-01
 21 -0.1055195E+00
 22  0.2276366E-01
  1  0.8978663E-02
  2 -0.4012663E-01
  3  0.9016920E-02
  4  0.7029907E-01
  5  0.1227938E+00
  6  0.1634943E+00
  7  0.1945199E+00
  8  0.2170335E+00
  9  0.2193403E+00
 10  0.1752351E+00
 11  0.9717768E-01
 12 -0.4380303E-02
 13 -0.1105366E+00
 14 -0.1917042E+00
 15 -0.2219034E+00
 16 -0.1904494E+00
 17 -0.1144885E+00
 18 -0.5783912E-01
 19 -0.1305674E-01
 20  0.2212493E+00
 21  0.2400827E+00
 22  0.4775869E-01
  1  0.8239726E-01
  2  0.4919178E-01
  3  0.9276125E-02
  4 -0.4512355E-01
  5 -0.1175229E+00
  6 -0.1907511E+00
  7 -0.2450990E+00
  8 -0.2707275E+00
  9 -0.2624148E+00
 10 -0.2231761E+00
 11 -0.1632508E+00
 12 -0.8845817E-01
 13  0.7956884E-02
 14  0.1180651E+00
 15  0.2217774E+00
 16  0.2666454E+00
 17  0.2297550E+00
 18  0.1227515E+00
 19 -0.8576098E-01
 20 -0.1864031E+00
 21 -0.1705066E+00
 22 -0.5338088E-01
  1 -0.4510589E-01
  2 -0.8564448E-01
  3 -0.2045280E-01
  4  0.4915048E-01
  5  0.9958738E-01
  6  0.1424244E+00
  7  0.1798786E+00
  8  0.2182559E+00
  9  0.2498823E+00
 10  0.2621903E+00
 11  0.2435132E+00
 12  0.1725272E+00
 13  0.6761991E-01
 14 -0.4451273E-01
 15 -0.1322184E+00
 16 -0.1888056E+00
 17 -0.1779471E+00
 18 -0.1176898E+00
 19 -0.3922993E-01
 20  0.1946890E+00
 21  0.8483259E-01
 22  0.8140340E-01
  1  0.9811092E-01
  2  0.7312694E-01
  3  0.4591570E-01
  4  0.7609165E-02
  5 -0.4698464E-01
  6 -0.1037126E+00
  7 -0.1510399E+00
  8 -0.1820315E+00
  9 -0.1896071E+00
 10 -0.1817484E+00
 11 -0.1814840E+00
 12 -0.1876853E+00
 13 -0.1930933E+00
 14 -0.1899721E+00
 15 -0.1686680E+00
 16 -0.1159029E+00
 17 -0.9463969E-02
 18  0.1227783E+00
 19  0.4662709E-01
 20 -0.2666262E+00
 21 -0.2624324E+00
 22 -0.9228208E-01
  1  0.1881686E-01
  2 -0.1753251E-01
  3 -0.1386566E-01
  4  0.1709933E-03
  5  0.2092198E-01
  6  0.5458486E-01
  7  0.1001679E+00
  8  0.1452075E+00
  9  0.1953846E+00
 10  0.2397554E+00
 11  0.2670194E+00
 12  0.2754550E+00
 13  0.2641733E+00
 14  0.2339150E+00
 15  0.1730452E+00
 16  0.7141440E-01
 17 -0.6683179E-01
 18 -0.1628692E+00
 19 -0.8293176E-01
 20  0.2842327E+00
 21  0.3269354E+00
 22  0.7698499E-01
  1  0.9274768E-01
  2  0.3877553E-01
  3  0.1746928E-01
  4  0.1399018E-01
  5 -0.1493467E-01
  6 -0.4684792E-01
  7 -0.6879982E-01
  8 -0.9039015E-01
  9 -0.1087965E+00
 10 -0.1287709E+00
 11 -0.1577364E+00
 12 -0.2013782E+00
 13 -0.2317235E+00
 14 -0.2312070E+00
 15 -0.1887974E+00
 16 -0.9518268E-01
 17  0.4511391E-01
 18  0.1569985E+00
 19  0.4895826E-02
 20 -0.3020950E+00
 21 -0.3093778E+00
 22 -0.1069482E+00
  1  0.1724153E-01
  2 -0.2495010E-01
  3 -0.1483348E-01
  4  0.8181044E-02
  5  0.2543449E-01
  6  0.4330930E-01
  7  0.7213453E-01
  8  0.1128234E+00
  9  0.1575163E+00
 10  0.1955569E+00
 11  0.2179024E+00
 12  0.2239097E+00
 13  0.2201358E+00
 14  0.2166319E+00
 15  0.2181267E+00
 16  0.1822044E+00
 17  0.1107091E+00
 18  0.5767030E-01
 19  0.2077719E-01
 20  0.2801864E+00
 21  0.2941781E+00
 22  0.7539622E-01
  1  0.1102504E+00
  2  0.4682035E-01
  3  0.2386861E-01
  4  0.1411737E-01
  5 -0.1425550E-01
  6 -0.6054936E-01
  7 -0.9706395E-01
  8 -0.1207043E+00
  9 -0.1373061E+00
 10 -0.1555173E+00
 11 -0.1795681E+00
 12 -0.2047900E+00
 13 -0.2240402E+00
 14 -0.2286466E+00
 15 -0.2167754E+00
 16 -0.1815420E+00
 17 -0.1025391E+00
 18  0.8195764E-02
 19  0.1419545E-01
 20 -0.3262911E+00
 21 -0.3648917E+00
 22 -0.1360589E+00
  1  0.2793152E-01
  2 -0.7446259E-02
  3  0.2919821E-02
  4  0.2419587E-01
  5  0.3932813E-01
  6  0.5653217E-01
  7  0.8274794E-01
  8  0.1248044E+00
  9  0.1665497E+00
 10  0.2030420E+00
 11  0.2242913E+00
 12  0.2318323E+00
 13  0.2258764E+00
 14  0.2120735E+00
 15  0.1870779E+00
 16  0.1283093E+00
 17  0.2699761E-01
 18 -0.1016141E+00
 19 -0.7108296E-01
 20  0.2772774E+00
 21  0.3342139E+00
 22 -0.1432716E-01
  1  0.6666580E-01
  2  0.1510024E-01
  3 -0.5708341E-02
  4 -0.5920236E-02
  5 -0.1499322E-01
  6 -0.3092393E-01
  7 -0.6097886E-01
  8 -0.8545816E-01
  9 -0.1074718E+00
 10 -0.1340722E+00
 11 -0.1647927E+00
 12 -0.2102925E+00
 13 -0.2607173E+00
 14 -0.2746553E+00
 15 -0.2444249E+00
 16 -0.1720593E+00
 17 -0.3803848E-01
 18  0.1243164E+00
 19  0.4689315E-01
 20 -0.2970221E+00
 21 -0.3362677E+00
 22 -0.5379153E-01
  1  0.5459993E-01
  2  0.2029374E-01
  3  0.2106856E-01
  4  0.2364773E-01
  5  0.1310602E-01
  6  0.6347102E-03
  7 -0.2252266E-02
  8  0.7279001E-02
  9  0.2271371E-01
 10  0.3508525E-01
 11  0.4349782E-01
 12  0.5798576E-01
 13  0.9436803E-01
 14  0.1616452E+00
 15  0.2392242E+00
 16  0.2627467E+00
 17  0.1952488E+00
 18  0.7391933E-01
 19 -0.1582318E-01
 20  0.2473332E+00
 21  0.3106195E+00
 22 -0.4346597E-01
  1  0.4093457E-02
  2 -0.6057490E-01
  3 -0.2822464E-01
  4  0.7759652E-02
  5  0.2299181E-01
  6  0.2705771E-01
  7  0.3102023E-01
  8  0.3348503E-01
  9  0.2823383E-01
 10  0.8529184E-02
 11 -0.2285628E-01
 12 -0.4469724E-01
 13 -0.3453251E-01
 14  0.9668553E-02
 15  0.4286645E-01
 16  0.1493124E-02
 17 -0.1258979E+00
 18 -0.2565003E+00
 19 -0.2547454E+00
 20 -0.2658726E+00
 21 -0.3282622E+00
 22 -0.6223571E-01
  1  0.4602978E-01
  2  0.1466582E-01
  3  0.2435097E-01
  4  0.3445502E-01
  5  0.2793457E-01
  6  0.1682703E-01
  7  0.1216398E-01
  8  0.1702036E-01
  9  0.2357303E-01
 10  0.1992499E-01
 11  0.5958853E-02
 12 -0.2835577E-02
 13  0.1341835E-01
 14  0.5928933E-01
 15  0.8380602E-01
 16  0.7285959E-01
 17  0.6177506E-01
 18  0.1671563E+00
 19  0.3256977E+00
 20  0.3742915E+00
 21  0.2944258E+00
 22  0.2600122E-01
  1  0.1134196E-02
  2 -0.6834777E-01
  3 -0.2756909E-01
  4  0.1980522E-01
  5  0.3178631E-01
  6  0.2087393E-01
  7  0.1787996E-01
  8  0.2571718E-01
  9  0.3566039E-01
 10  0.2694044E-01
 11 -0.1552513E-01
 12 -0.6252486E-01
 13 -0.9722131E-01
 14 -0.9140365E-01
 15 -0.6601389E-01
 16 -0.8809012E-01
 17 -0.1811047E+00
 18 -0.1869669E+00
 19 -0.1528624E+00
 20 -0.2854900E+00
 21 -0.3564939E+00
 22 -0.6674208E-01
  1  0.5423714E-01
  2  0.6602351E-02
  3 -0.1544567E-01
  4 -0.2538584E-01
  5 -0.3526218E-01
  6 -0.3807048E-01
  7 -0.2407624E-01
  8 -0.2248061E-02
  9  0.2574279E-02
 10 -0.1065643E-01
 11 -0.2038857E-01
 12 -0.1723041E-01
 13  0.1639596E-01
 14  0.8705742E-01
 15  0.1500859E+00
 16  0.1694532E+00
 17  0.1405712E+00
 18  0.1529367E+00
 19  0.1126820E+00
 20  0.2356233E+00
 21  0.3206974E+00
 22 -0.1501781E-01
  1 -0.6653498E-02
  2 -0.8378574E-01
  3 -0.4020248E-01
  4  0.8965163E-02
  5  0.3095014E-01
  6  0.1960507E-01
  7  0.1588878E-01
  8  0.2386729E-01
  9  0.3112359E-01
 10  0.8896922E-02
 11 -0.3973901E-01
 12 -0.8614859E-01
 13 -0.1035614E+00
 14 -0.8432882E-01
 15 -0.6453893E-01
 16 -0.8717789E-01
 17 -0.1107409E+00
 18 -0.4638398E-01
 19  0.1643471E-01
 20 -0.3014717E+00
 21 -0.3364253E+00
 22 -0.6448775E-02
  1  0.5504862E-01
  2  0.4066910E-02
  3 -0.1856320E-01
  4 -0.2647839E-01
  5 -0.3403832E-01
  6 -0.2901245E-01
  7 -0.4280566E-02
  8  0.3508921E-01
  9  0.4809239E-01
 10  0.4788122E-01
 11  0.3773754E-01
 12  0.3125086E-01
 13  0.4538691E-01
 14  0.7210381E-01
 15  0.9033906E-01
 16  0.4277087E-01
 17 -0.3566061E-01
 18  0.3571527E-01
 19  0.9210545E-01
 20  0.2636982E+00
 21  0.3209157E+00
 22 -0.7286650E-02
  1  0.1228764E-01
  2 -0.5687645E-01
  3 -0.3385514E-01
  4 -0.1305730E-01
  5 -0.1816635E-01
  6 -0.4905282E-01
  7 -0.6335134E-01
  8 -0.5786600E-01
  9 -0.4628450E-01
 10 -0.4214789E-01
 11 -0.4910413E-01
 12 -0.5358525E-01
 13 -0.3650130E-01
 14 -0.1757017E-01
 15 -0.2717012E-02
 16 -0.2986514E-01
 17 -0.7300260E-01
 18 -0.9936641E-01
 19 -0.1088588E+00
 20 -0.2911381E+00
 21 -0.3423558E+00
 22 -0.2089069E-02
  1  0.6172572E-01
  2  0.2899702E-01
  3  0.3944569E-01
  4  0.5052547E-01
  5  0.4226081E-01
  6  0.2878229E-01
  7  0.2456616E-01
  8  0.3087726E-01
  9  0.3814419E-01
 10  0.3549667E-01
 11  0.2272520E-01
 12  0.1544780E-01
 13  0.2314420E-01
 14  0.5790763E-01
 15  0.9343572E-01
 16  0.8675538E-01
 17  0.6174405E-01
 18  0.1309121E+00
 19  0.1718584E+00
 20  0.2907296E+00
 21  0.3739419E+00
 22 -0.3749737E-01
  1  0.2528342E-02
  2 -0.6406040E-01
  3 -0.3667084E-01
  4 -0.1335528E-01
  5 -0.1407872E-01
  6 -0.2426616E-01
  7 -0.3180428E-01
  8 -0.2359210E-01
  9 -0.1212814E-01
 10 -0.1613300E-01
 11 -0.3445607E-01
 12 -0.6127033E-01
 13 -0.7240096E-01
 14 -0.5321371E-01
 15 -0.3577457E-01
 16 -0.5773707E-01
 17 -0.1222419E+00
 18 -0.1343478E+00
 19 -0.1150174E+00
 20 -0.2997098E+00
 21 -0.3519779E+00
 22 -0.6605295E-01
  1  0.8901591E-01
  2  0.3998377E-01
  3  0.5446488E-01
  4  0.7106780E-01
  5  0.6330515E-01
  6  0.4527530E-01
  7  0.4413822E-01
  8  0.5457265E-01
  9  0.6900916E-01
 10  0.6625563E-01
 11  0.4342103E-01
 12  0.1662522E-01
 13  0.1683331E-01
 14  0.5799876E-01
 15  0.9800483E-01
 16  0.8123840E-01
 17  0.1733125E-01
 18  0.1090598E+00
 19  0.1407161E+00
 20  0.3212599E+00
 21  0.4170092E+00
 22  0.1729410E-01
  1  0.1186183E-01
  2 -0.5269200E-01
  3 -0.3070870E-01
  4 -0.1021580E-01
  5 -0.1316828E-01
  6 -0.2521877E-01
  7 -0.2903436E-01
  8 -0.2372366E-01
  9 -0.1677400E-01
 10 -0.1983968E-01
 11 -0.3719616E-01
 12 -0.5679529E-01
 13 -0.6040336E-01
 14 -0.4262241E-01
 15 -0.2686952E-01
 16 -0.5111435E-01
 17 -0.9468948E-01
 18 -0.6871136E-01
 19 -0.1164723E+00
 20 -0.3134707E+00
 21 -0.3692732E+00
 22 -0.6772798E-01
  1  0.2935632E-01
  2  0.2535841E-01
  3  0.1845882E-01
  4  0.1396398E-01
  5  0.7915920E-02
  6  0.1253562E-01
  7  0.3225799E-01
  8  0.4097799E-01
  9  0.4973045E-01
 10  0.4799994E-01
 11  0.3242031E-01
 12  0.1609404E-01
 13  0.2190737E-01
 14  0.5511677E-01
 15  0.8784423E-01
 16  0.8182863E-01
 17  0.4168218E-01
 18  0.1076640E+00
 19  0.1142265E+00
 20  0.2763155E+00
 21  0.3315347E+00
 22 -0.6305267E-02
  1  0.1021952E-01
  2 -0.6085496E-01
  3 -0.3292985E-01
  4 -0.8749083E-02
  5 -0.9844031E-02
  6 -0.3947328E-01
  7 -0.5113960E-01
  8 -0.4395285E-01
  9 -0.3075045E-01
 10 -0.2741309E-01
 11 -0.4040543E-01
 12 -0.5889876E-01
 13 -0.6109128E-01
 14 -0.4128769E-01
 15 -0.2401534E-01
 16 -0.5355268E-01
 17 -0.1021479E+00
 18 -0.6640060E-01
 19 -0.8557926E-01
 20 -0.2882707E+00
 21 -0.3384335E+00
 22 -0.6848021E-02
  1  0.1014902E-02
  2 -0.4784027E-02
  3  0.2016536E-01
  4  0.1175207E-01
  5  0.3008845E-02
  6  0.8187357E-02
  7  0.3777732E-01
  8  0.5580170E-01
  9  0.6897391E-01
 10  0.6660701E-01
 11  0.4293790E-01
 12  0.1757610E-01
 13  0.2062798E-01
 14  0.5976448E-01
 15  0.1031220E+00
 16  0.7715768E-01
 17 -0.1937997E-01
 18  0.1750438E-01
 19  0.6245774E-01
 20  0.2982307E+00
 21  0.3603154E+00
 22  0.5027891E-02
  1  0.1782412E-01
  2 -0.1667410E-01
  3  0.8250976E-02
  4  0.1846966E-01
  5 -0.1035496E-01
  6 -0.3937564E-01
  7 -0.5154051E-01
  8 -0.4614426E-01
  9 -0.3341036E-01
 10 -0.3139962E-01
 11 -0.4284482E-01
 12 -0.5888294E-01
 13 -0.6007600E-01
 14 -0.4332061E-01
 15 -0.3730751E-01
 16 -0.4856384E-01
 17 -0.8514452E-01
 18 -0.5448131E-01
 19 -0.9641042E-01
 20 -0.2834190E+00
 21 -0.3296971E+00
 22 -0.1662150E-01
  1 -0.1636541E-01
  2 -0.3543473E-01
  3 -0.1576629E-04
  4 -0.9507072E-02
  5 -0.1961721E-01
  6 -0.1265245E-01
  7  0.1930582E-01
  8  0.6050708E-01
  9  0.7508695E-01
 10  0.7162625E-01
 11  0.4616763E-01
 12  0.1793021E-01
 13  0.2027151E-01
 14  0.6582031E-01
 15  0.1111090E+00
 16  0.9700997E-01
 17  0.4694806E-01
 18  0.1233830E+00
 19  0.9839347E-01
 20  0.2184932E+00
 21  0.2634744E+00
 22  0.1314908E-01
  1  0.1785924E-01
  2 -0.1911510E-02
  3  0.2240540E-01
  4  0.1930070E-01
  5 -0.1051451E-01
  6 -0.3931732E-01
  7 -0.5167102E-01
  8 -0.4501569E-01
  9 -0.3343816E-01
 10 -0.3108794E-01
 11 -0.4283902E-01
 12 -0.5950989E-01
 13 -0.6592177E-01
 14 -0.7992183E-01
 15 -0.6712942E-01
 16 -0.7968560E-01
 17 -0.9777625E-01
 18 -0.6886014E-01
 19 -0.9928761E-01
 20 -0.2682549E+00
 21 -0.2892237E+00
 22 -0.1941882E-01
  1 -0.2436081E-01
  2 -0.2992334E-01
  3  0.2726666E-01
  4  0.1888989E-01
  5  0.1002208E-01
  6  0.1529146E-01
  7  0.4539070E-01
  8  0.5985767E-01
  9  0.7255476E-01
 10  0.7002633E-01
 11  0.4643138E-01
 12  0.2143663E-01
 13  0.1657400E-01
 14  0.6137473E-01
 15  0.1087735E+00
 16  0.9343806E-01
 17  0.7105236E-02
 18  0.4325069E-01
 19  0.6459571E-01
 20  0.2426590E+00
 21  0.2853857E+00
 22  0.4455888E-02
  1  0.1998117E-01
  2 -0.2530355E-02
  3  0.2530624E-01
  4  0.2323448E-01
  5 -0.9571106E-02
  6 -0.4224990E-01
  7 -0.5532521E-01
  8 -0.4785283E-01
  9 -0.3497716E-01
 10 -0.3093075E-01
 11 -0.4531439E-01
 12 -0.6339104E-01
 13 -0.6443232E-01
 14 -0.4169689E-01
 15 -0.3924477E-01
 16 -0.5678461E-01
 17 -0.1091155E+00
 18 -0.7485317E-01
 19 -0.1001810E+00
 20 -0.2467123E+00
 21 -0.2584576E+00
 22 -0.1404374E-01
  1 -0.3302139E-01
  2 -0.6918252E-01
  3 -0.1827381E-01
  4 -0.2835740E-01
  5 -0.3762024E-01
  6 -0.3267398E-01
  7 -0.9523397E-02
  8  0.5132560E-01
  9  0.8726089E-01
 10  0.8516775E-01
 11  0.5800457E-01
 12 -0.2987733E-02
 13 -0.2698079E-01
 14  0.2620780E-01
 15  0.8315711E-01
 16  0.5996310E-01
 17  0.4987516E-01
 18  0.1335360E+00
 19  0.1030507E+00
 20  0.1428423E+00
 21  0.2133319E+00
 22 -0.1327543E-01
  1  0.1918802E-01
  2 -0.3067230E-02
  3  0.2427629E-01
  4  0.2126983E-01
  5 -0.1063623E-01
  6 -0.4228339E-01
  7 -0.5540036E-01
  8 -0.4764906E-01
  9 -0.3506840E-01
 10 -0.3201438E-01
 11 -0.4448408E-01
 12 -0.6234588E-01
 13 -0.6325732E-01
 14 -0.4174180E-01
 15 -0.2552326E-01
 16 -0.5579928E-01
 17 -0.1082988E+00
 18 -0.7444308E-01
 19 -0.1058683E+00
 20 -0.1924958E+00
 21 -0.1971825E+00
 22 -0.1395444E-01
  1 -0.3570611E-01
  2 -0.4335545E-01
  3  0.4888687E-01
  4  0.3925284E-01
  5  0.2984391E-01
  6  0.3681791E-01
  7  0.5753775E-01
  8  0.7889618E-01
  9  0.1021382E+00
 10  0.9477831E-01
 11  0.6413042E-01
 12  0.7984717E-02
 13 -0.1028182E-01
 14  0.5778124E-01
 15  0.1276314E+00
 16  0.1035532E+00
 17  0.5319163E-01
 18  0.8538318E-01
 19  0.9882580E-01
 20  0.1955291E+00
 21  0.2640010E+00
 22 -0.3269691E-01
  1  0.2365691E-01
  2 -0.2540025E-02
  3  0.3002103E-01
  4  0.2795902E-01
  5 -0.9325920E-02
  6 -0.4553299E-01
  7 -0.6119179E-01
  8 -0.5100982E-01
  9 -0.3595400E-01
 10 -0.3272976E-01
 11 -0.4985071E-01
 12 -0.7346389E-01
 13 -0.7864391E-01
 14 -0.5554625E-01
 15 -0.5662724E-01
 16 -0.7411060E-01
 17 -0.1234739E+00
 18 -0.7537281E-01
 19 -0.9132841E-01
 20 -0.1938479E+00
 21 -0.2270869E+00
 22 -0.1536199E-01
  1 -0.2793389E-01
  2 -0.1038273E+00
  3 -0.3231301E-01
  4 -0.8561723E-01
  5 -0.1568731E+00
  6 -0.1899545E+00
  7 -0.1535208E+00
  8 -0.6179047E-01
  9 -0.6861074E-02
 10  0.2686631E-01
 11  0.4458678E-01
 12  0.2216759E-02
 13 -0.9676223E-02
 14  0.3378178E-01
 15  0.1011005E+00
 16  0.6367403E-01
 17 -0.3835130E-02
 18  0.8858877E-01
 19  0.1558667E+00
 20  0.1680793E+00
 21  0.3085783E+00
 22 -0.5879852E-01
  1  0.4199515E-02
  2  0.1341338E-02
  3  0.6602222E-01
  4  0.1002535E+00
  5  0.6544140E-01
  6  0.1563223E-01
  7 -0.4212051E-02
  8 -0.7508984E-02
  9 -0.1519765E-01
 10 -0.2821405E-01
 11 -0.8901300E-01
 12 -0.1412667E+00
 13 -0.1450483E+00
 14 -0.1100565E+00
 15 -0.1020628E+00
 16 -0.1037009E+00
 17 -0.1270928E+00
 18 -0.5799092E-01
 19 -0.7485165E-01
 20 -0.2376758E+00
 21 -0.2621375E+00
 22 -0.4036967E-01
  1 -0.9155786E-01
  2 -0.1183026E+00
  3  0.1225059E+00
  4  0.2172991E+00
  5  0.1897588E+00
  6  0.1888041E+00
  7  0.2163312E+00
  8  0.2546913E+00
  9  0.3247288E+00
 10  0.2945631E+00
 11  0.2296041E+00
 12  0.9712692E-01
 13  0.4065408E-01
 14  0.1336572E+00
 15  0.2705896E+00
 16  0.2850824E-01
 17 -0.2490162E+00
 18 -0.1556285E+00
 19  0.3637121E-01
 20  0.9846614E-01
 21  0.3724237E+00
 22 -0.4459219E-01
  1  0.7750428E-01
  2  0.1265191E-01
  3  0.1445609E-01
  4 -0.6311613E-01
  5 -0.1622781E+00
  6 -0.2403410E+00
  7 -0.2595076E+00
  8 -0.2247903E+00
  9 -0.1790140E+00
 10 -0.1588207E+00
 11 -0.1834074E+00
 12 -0.2018191E+00
 13 -0.1659997E+00
 14 -0.8328672E-01
 15  0.2929718E-01
 16  0.8497012E-01
 17  0.1417075E+00
 18  0.2144484E+00
 19 -0.6188567E-01
 20 -0.3838300E+00
 21 -0.3572580E+00
 22 -0.6336524E-01
  1 -0.3510549E-01
  2 -0.1163153E+00
  3 -0.3481022E-01
  4 -0.1423096E+00
  5 -0.2506209E+00
  6 -0.3010594E+00
  7 -0.2772479E+00
  8 -0.2056450E+00
  9 -0.1589923E+00
 10 -0.1104415E+00
 11 -0.1379227E+00
 12 -0.2024919E+00
 13 -0.1561662E+00
 14 -0.9015225E-01
 15  0.5075480E-01
 16  0.1215036E+00
 17 -0.7857345E-01
 18  0.8550175E-01
 19  0.1625461E+00
 20  0.2892591E+00
 21  0.4194521E+00
 22 -0.9797690E-01
  1 -0.6320776E-01
  2 -0.7192291E-01
  3  0.1041027E+00
  4  0.1877069E+00
  5  0.1916313E+00
  6  0.1649151E+00
  7  0.2000712E+00
  8  0.2567452E+00
  9  0.3339991E+00
 10  0.2868354E+00
 11  0.1432240E+00
 12 -0.3760255E-01
 13 -0.1576473E+00
 14 -0.1195351E+00
 15 -0.3260791E-01
 16 -0.1340910E+00
 17 -0.3404208E+00
 18 -0.8555116E-01
 19 -0.2581926E-01
 20 -0.2914427E+00
 21 -0.2416389E+00
 22 -0.7021045E-01
