  1 -0.1561036E+00
  2 -0.2713691E+00
  3 -0.3309037E+00
  4 -0.3486673E+00
  5 -0.3194203E+00
  6 -0.2327559E+00
  7 -0.5264460E-01
  8  0.1090931E-01
  9  0.3846967E-01
 10  0.6524054E-01
 11  0.9014535E-01
 12  0.1534122E+00
 13  0.2699336E+00
 14  0.3286071E+00
 15  0.3470165E+00
 16  0.3175542E+00
 17  0.2315716E+00
 18  0.5163979E-01
 19 -0.1367252E-01
 20 -0.4241712E-01
 21 -0.6839850E-01
 22 -0.9678423E-01
  1 -0.1410418E+00
  2 -0.2633375E+00
  3 -0.3294727E+00
  4 -0.3516341E+00
  5 -0.3262125E+00
  6 -0.2400893E+00
  7 -0.5433640E-01
  8  0.1044035E-01
  9  0.3776380E-01
 10  0.6163301E-01
 11  0.8538578E-01
 12  0.1397998E+00
 13  0.2625613E+00
 14  0.3292398E+00
 15  0.3508967E+00
 16  0.3256303E+00
 17  0.2395071E+00
 18  0.5507383E-01
 19 -0.9120754E-02
 20 -0.3722044E-01
 21 -0.6147776E-01
 22 -0.8507529E-01
  1 -0.1261778E+00
  2 -0.2554964E+00
  3 -0.3269325E+00
  4 -0.3539345E+00
  5 -0.3322865E+00
  6 -0.2462639E+00
  7 -0.5575348E-01
  8  0.9042814E-02
  9  0.3619234E-01
 10  0.5786136E-01
 11  0.7752790E-01
 12  0.1272318E+00
 13  0.2562552E+00
 14  0.3282605E+00
 15  0.3544193E+00
 16  0.3344366E+00
 17  0.2475708E+00
 18  0.5828294E-01
 19 -0.6344725E-02
 20 -0.3252462E-01
 21 -0.5541622E-01
 22 -0.7615778E-01
  1 -0.1125995E+00
  2 -0.2478339E+00
  3 -0.3255839E+00
  4 -0.3562928E+00
  5 -0.3389256E+00
  6 -0.2540217E+00
  7 -0.5920962E-01
  8  0.5911760E-02
  9  0.3183610E-01
 10  0.5051450E-01
 11  0.6611051E-01
 12  0.1133356E+00
 13  0.2481099E+00
 14  0.3264580E+00
 15  0.3570519E+00
 16  0.3410879E+00
 17  0.2554479E+00
 18  0.5989971E-01
 19 -0.5336687E-02
 20 -0.3135303E-01
 21 -0.5072153E-01
 22 -0.6960695E-01
  1 -0.9886093E-01
  2 -0.2397043E+00
  3 -0.3235931E+00
  4 -0.3601381E+00
  5 -0.3482768E+00
  6 -0.2622635E+00
  7 -0.6160789E-01
  8  0.3591264E-02
  9  0.2779436E-01
 10  0.4377802E-01
 11  0.5584163E-01
 12  0.9903797E-01
 13  0.2388697E+00
 14  0.3226574E+00
 15  0.3587977E+00
 16  0.3470376E+00
 17  0.2612266E+00
 18  0.6092504E-01
 19 -0.4248820E-02
 20 -0.2895773E-01
 21 -0.4549778E-01
 22 -0.6031806E-01
  1 -0.8272938E-01
  2 -0.2297042E+00
  3 -0.3201632E+00
  4 -0.3614439E+00
  5 -0.3543304E+00
  6 -0.2695286E+00
  7 -0.6228508E-01
  8  0.4312905E-02
  9  0.2626952E-01
 10  0.3971234E-01
 11  0.4957041E-01
 12  0.8331750E-01
 13  0.2299003E+00
 14  0.3199952E+00
 15  0.3621441E+00
 16  0.3547225E+00
 17  0.2699207E+00
 18  0.6469359E-01
 19 -0.1652347E-02
 20 -0.2512128E-01
 21 -0.3727583E-01
 22 -0.4682583E-01
  1 -0.6580503E-01
  2 -0.2193449E+00
  3 -0.3162054E+00
  4 -0.3630860E+00
  5 -0.3618650E+00
  6 -0.2773547E+00
  7 -0.6477194E-01
  8  0.1815743E-02
  9  0.2285331E-01
 10  0.3147810E-01
 11  0.3495305E-01
 12  0.6533544E-01
 13  0.2191101E+00
 14  0.3169723E+00
 15  0.3636651E+00
 16  0.3623973E+00
 17  0.2781843E+00
 18  0.6466236E-01
 19 -0.1815743E-02
 20 -0.2321333E-01
 21 -0.3235466E-01
 22 -0.3800538E-01
  1 -0.4589239E-01
  2 -0.2067722E+00
  3 -0.3122981E+00
  4 -0.3650346E+00
  5 -0.3700218E+00
  6 -0.2853110E+00
  7 -0.6500980E-01
  8  0.1520904E-02
  9  0.2069137E-01
 10  0.2511260E-01
 11  0.2389234E-01
 12  0.4552101E-01
 13  0.2072143E+00
 14  0.3129171E+00
 15  0.3641327E+00
 16  0.3702163E+00
 17  0.2856823E+00
 18  0.6656606E-01
 19 -0.6720273E-03
 20 -0.1931194E-01
 21 -0.2408687E-01
 22 -0.2456436E-01
  1 -0.2266375E-01
  2 -0.1921659E+00
  3 -0.3068011E+00
  4 -0.3654959E+00
  5 -0.3782759E+00
  6 -0.2941021E+00
  7 -0.6525701E-01
  8  0.2086118E-02
  9  0.1695224E-01
 10  0.1713452E-01
 11  0.9336896E-02
 12  0.2248146E-01
 13  0.1923077E+00
 14  0.3064162E+00
 15  0.3657390E+00
 16  0.3785190E+00
 17  0.2946894E+00
 18  0.6588487E-01
 19 -0.8506500E-03
 20 -0.1662818E-01
 21 -0.1760035E-01
 22 -0.1160530E-01
  1  0.5072419E-02
  2 -0.1748749E+00
  3 -0.2988843E+00
  4 -0.3662498E+00
  5 -0.3871868E+00
  6 -0.3029446E+00
  7 -0.6416433E-01
  8  0.2624477E-02
  9  0.1540556E-01
 10  0.9144477E-02
 11 -0.6025705E-02
 12 -0.4460433E-02
 13  0.1747690E+00
 14  0.2993316E+00
 15  0.3661675E+00
 16  0.3859746E+00
 17  0.3033330E+00
 18  0.6492931E-01
 19 -0.1788881E-02
 20 -0.1440520E-01
 21 -0.8673719E-02
 22  0.4589892E-02
  1  0.3849588E-01
  2 -0.1528948E+00
  3 -0.2894030E+00
  4 -0.3659202E+00
  5 -0.3947991E+00
  6 -0.3115681E+00
  7 -0.6047956E-01
  8  0.6420632E-02
  9  0.1381832E-01
 10 -0.1088716E-02
 11 -0.2457986E-01
 12 -0.3913794E-01
 13  0.1532438E+00
 14  0.2892076E+00
 15  0.3661714E+00
 16  0.3953993E+00
 17  0.3106888E+00
 18  0.6121933E-01
 19 -0.5317959E-02
 20 -0.1310646E-01
 21  0.1674948E-02
 22  0.2227680E-01
  1  0.7938921E-01
  2 -0.1260211E+00
  3 -0.2773208E+00
  4 -0.3636642E+00
  5 -0.4029865E+00
  6 -0.3191981E+00
  7 -0.5334914E-01
  8  0.1175948E-01
  9  0.1351918E-01
 10 -0.1106576E-01
 11 -0.4708869E-01
 12 -0.7967684E-01
 13  0.1255981E+00
 14  0.2767962E+00
 15  0.3639010E+00
 16  0.4024112E+00
 17  0.3171338E+00
 18  0.5241853E-01
 19 -0.1074428E-01
 20 -0.1294389E-01
 21  0.1304541E-01
 22  0.4463528E-01
  1  0.1319012E+00
  2 -0.9050055E-01
  3 -0.2586801E+00
  4 -0.3583902E+00
  5 -0.4077858E+00
  6 -0.3217950E+00
  7 -0.3887647E-01
  8  0.2222116E-01
  9  0.1620117E-01
 10 -0.2263306E-01
 11 -0.7113095E-01
 12 -0.1309507E+00
 13  0.9167286E-01
 14  0.2602115E+00
 15  0.3596998E+00
 16  0.4087258E+00
 17  0.3215098E+00
 18  0.4043956E-01
 19 -0.2030955E-01
 20 -0.1385654E-01
 21  0.2670975E-01
 22  0.7312706E-01
  1  0.1944310E+00
  2 -0.4861457E-01
  3 -0.2356492E+00
  4 -0.3498369E+00
  5 -0.4111330E+00
  6 -0.3208779E+00
  7 -0.1874297E-01
  8  0.3482977E-01
  9  0.1586886E-01
 10 -0.4347932E-01
 11 -0.1132751E+00
 12 -0.1957251E+00
 13  0.4625808E-01
 14  0.2339193E+00
 15  0.3461592E+00
 16  0.4074279E+00
 17  0.3163148E+00
 18  0.1239542E-01
 19 -0.4373813E-01
 20 -0.2518586E-01
 21  0.3213274E-01
 22  0.9277496E-01
  1  0.2787161E+00
  2  0.1886630E-01
  3 -0.1870631E+00
  4 -0.3123501E+00
  5 -0.3824852E+00
  6 -0.2815654E+00
  7  0.5017231E-01
  8  0.9917616E-01
  9  0.6858022E-01
 10 -0.6381645E-02
 11 -0.7417089E-01
 12 -0.2568567E+00
 13  0.4386257E-02
 14  0.2106302E+00
 15  0.3374991E+00
 16  0.4095668E+00
 17  0.3145342E+00
 18  0.9707292E-03
 19 -0.3377778E-01
 20  0.7900656E-02
 21  0.9948176E-01
 22  0.1979658E+00
  1  0.1377410E+00
  2 -0.2689826E-01
  3 -0.1581679E+00
  4 -0.2390245E+00
  5 -0.2895502E+00
  6 -0.2415357E+00
  7 -0.9607827E-01
  8 -0.1254033E+00
  9 -0.1913124E+00
 10 -0.3040403E+00
 11 -0.4606327E+00
 12 -0.2513200E+00
 13 -0.9875122E-01
 14  0.2433786E-01
 15  0.9779458E-01
 16  0.1311853E+00
 17  0.5019508E-01
 18 -0.1975306E+00
 19 -0.2471840E+00
 20 -0.2433434E+00
 21 -0.2292261E+00
 22 -0.2740752E+00
  1  0.1991149E+00
  2  0.9841529E-01
  3  0.1668237E-01
  4 -0.3206231E-01
  5 -0.4992501E-01
  6  0.1329909E-01
  7  0.2043756E+00
  8  0.2534051E+00
  9  0.2628071E+00
 10  0.2728145E+00
 11  0.3455169E+00
 12 -0.7040276E-01
 13  0.4539192E-01
 14  0.1360435E+00
 15  0.1920279E+00
 16  0.2291727E+00
 17  0.2008498E+00
 18  0.1248558E+00
 19  0.1647836E+00
 20  0.2255401E+00
 21  0.3254105E+00
 22  0.4723009E+00
  1  0.8908918E-01
  2 -0.3874329E-01
  3 -0.1389738E+00
  4 -0.2012593E+00
  5 -0.2407418E+00
  6 -0.2061529E+00
  7 -0.1131134E+00
  8 -0.1532228E+00
  9 -0.2176372E+00
 10 -0.3230983E+00
 11 -0.4733643E+00
 12 -0.2141777E+00
 13 -0.1010732E+00
 14 -0.9757527E-02
 15  0.4373442E-01
 16  0.6406556E-01
 17 -0.5218799E-02
 18 -0.2099702E+00
 19 -0.2561233E+00
 20 -0.2599494E+00
 21 -0.2622646E+00
 22 -0.3315312E+00
  1  0.1963705E+00
  2  0.1007691E+00
  3  0.2339277E-01
  4 -0.2183875E-01
  5 -0.3713413E-01
  6  0.2651411E-01
  7  0.2115754E+00
  8  0.2566845E+00
  9  0.2643455E+00
 10  0.2752130E+00
 11  0.3522514E+00
 12 -0.6635714E-01
 13  0.4443323E-01
 14  0.1307318E+00
 15  0.1844200E+00
 16  0.2185844E+00
 17  0.1907026E+00
 18  0.1208888E+00
 19  0.1652103E+00
 20  0.2284195E+00
 21  0.3291460E+00
 22  0.4730524E+00
  1  0.7131330E-01
  2 -0.4203419E-01
  3 -0.1306470E+00
  4 -0.1857299E+00
  5 -0.2197672E+00
  6 -0.1893905E+00
  7 -0.1156168E+00
  8 -0.1616309E+00
  9 -0.2259880E+00
 10 -0.3285503E+00
 11 -0.4745581E+00
 12 -0.2005519E+00
 13 -0.1019837E+00
 14 -0.2231142E-01
 15  0.2366847E-01
 16  0.3779485E-01
 17 -0.2769969E-01
 18 -0.2159840E+00
 19 -0.2584658E+00
 20 -0.2639025E+00
 21 -0.2719707E+00
 22 -0.3503743E+00
  1  0.1895685E+00
  2  0.1015150E+00
  3  0.3029730E-01
  4 -0.1082607E-01
  5 -0.2233130E-01
  6  0.4025479E-01
  7  0.2167378E+00
  8  0.2583320E+00
  9  0.2659517E+00
 10  0.2783173E+00
 11  0.3616951E+00
 12 -0.5816745E-01
 13  0.4561235E-01
 14  0.1261409E+00
 15  0.1759446E+00
 16  0.2069048E+00
 17  0.1802712E+00
 18  0.1191896E+00
 19  0.1677405E+00
 20  0.2323154E+00
 21  0.3324342E+00
 22  0.4726670E+00
  1  0.5916399E-01
  2 -0.4473368E-01
  3 -0.1251621E+00
  4 -0.1744546E+00
  5 -0.2048311E+00
  6 -0.1770617E+00
  7 -0.1169555E+00
  8 -0.1670384E+00
  9 -0.2318355E+00
 10 -0.3323415E+00
 11 -0.4732978E+00
 12 -0.1898496E+00
 13 -0.1020049E+00
 14 -0.3120614E-01
 15  0.9081167E-02
 16  0.1971196E-01
 17 -0.4367904E-01
 18 -0.2201445E+00
 19 -0.2595178E+00
 20 -0.2659666E+00
 21 -0.2770979E+00
 22 -0.3635476E+00
  1  0.1824476E+00
  2  0.1014167E+00
  3  0.3635051E-01
  4 -0.6296467E-03
  5 -0.8594269E-02
  6  0.5252235E-01
  7  0.2204690E+00
  8  0.2588039E+00
  9  0.2664605E+00
 10  0.2816047E+00
 11  0.3709546E+00
 12 -0.4963033E-01
 13  0.4759965E-01
 14  0.1220343E+00
 15  0.1679112E+00
 16  0.1960000E+00
 17  0.1703917E+00
 18  0.1190605E+00
 19  0.1713893E+00
 20  0.2363846E+00
 21  0.3348330E+00
 22  0.4711393E+00
  1  0.4850308E-01
  2 -0.4698614E-01
  3 -0.1208107E+00
  4 -0.1657212E+00
  5 -0.1927049E+00
  6 -0.1666934E+00
  7 -0.1180394E+00
  8 -0.1711911E+00
  9 -0.2369505E+00
 10 -0.3353535E+00
 11 -0.4716074E+00
 12 -0.1802090E+00
 13 -0.1012246E+00
 14 -0.3710505E-01
 15 -0.1262723E-02
 16  0.5112351E-02
 17 -0.5683929E-01
 18 -0.2225912E+00
 19 -0.2596208E+00
 20 -0.2663870E+00
 21 -0.2809893E+00
 22 -0.3741319E+00
  1  0.1745158E+00
  2  0.1005718E+00
  3  0.4126765E-01
  4  0.7835872E-02
  5  0.2958637E-02
  6  0.6298804E-01
  7  0.2226039E+00
  8  0.2589013E+00
  9  0.2670136E+00
 10  0.2842618E+00
 11  0.3791052E+00
 12 -0.4148387E-01
 13  0.4932248E-01
 14  0.1185124E+00
 15  0.1608776E+00
 16  0.1860657E+00
 17  0.1620244E+00
 18  0.1197085E+00
 19  0.1747758E+00
 20  0.2401587E+00
 21  0.3372819E+00
 22  0.4690630E+00
  1  0.3916651E-01
  2 -0.4953043E-01
  3 -0.1175802E+00
  4 -0.1588022E+00
  5 -0.1829513E+00
  6 -0.1588467E+00
  7 -0.1188235E+00
  8 -0.1752326E+00
  9 -0.2408458E+00
 10 -0.3367608E+00
 11 -0.4691831E+00
 12 -0.1721591E+00
 13 -0.1004906E+00
 14 -0.4253770E-01
 15 -0.1066433E-01
 16 -0.6873123E-02
 17 -0.6689543E-01
 18 -0.2242401E+00
 19 -0.2592093E+00
 20 -0.2662994E+00
 21 -0.2840677E+00
 22 -0.3829200E+00
  1  0.1672887E+00
  2  0.9966362E-01
  3  0.4519122E-01
  4  0.1543938E-01
  5  0.1308961E-01
  6  0.7204768E-01
  7  0.2243329E+00
  8  0.2580577E+00
  9  0.2664725E+00
 10  0.2865237E+00
 11  0.3867000E+00
 12 -0.3346706E-01
 13  0.5145362E-01
 14  0.1157939E+00
 15  0.1548462E+00
 16  0.1774829E+00
 17  0.1543883E+00
 18  0.1203536E+00
 19  0.1780148E+00
 20  0.2433970E+00
 21  0.3387231E+00
 22  0.4671624E+00
  1  0.3119210E-01
  2 -0.5192667E-01
  3 -0.1144525E+00
  4 -0.1526644E+00
  5 -0.1742681E+00
  6 -0.1516398E+00
  7 -0.1198812E+00
  8 -0.1790054E+00
  9 -0.2443358E+00
 10 -0.3386785E+00
 11 -0.4666153E+00
 12 -0.1643965E+00
 13 -0.9861623E-01
 14 -0.4638134E-01
 15 -0.1799662E-01
 16 -0.1710248E-01
 17 -0.7617392E-01
 18 -0.2255589E+00
 19 -0.2580228E+00
 20 -0.2659701E+00
 21 -0.2863048E+00
 22 -0.3905496E+00
  1  0.1607590E+00
  2  0.9843957E-01
  3  0.4890409E-01
  4  0.2179890E-01
  5  0.2201028E-01
  6  0.8003088E-01
  7  0.2247228E+00
  8  0.2569229E+00
  9  0.2658637E+00
 10  0.2883489E+00
 11  0.3939504E+00
 12 -0.2608951E-01
 13  0.5381235E-01
 14  0.1135377E+00
 15  0.1492625E+00
 16  0.1697465E+00
 17  0.1479366E+00
 18  0.1212075E+00
 19  0.1813144E+00
 20  0.2469389E+00
 21  0.3401463E+00
 22  0.4642033E+00
  1  0.2376604E-01
  2 -0.5367054E-01
  3 -0.1122674E+00
  4 -0.1476058E+00
  5 -0.1671778E+00
  6 -0.1454061E+00
  7 -0.1214265E+00
  8 -0.1822063E+00
  9 -0.2473688E+00
 10 -0.3400641E+00
 11 -0.4641313E+00
 12 -0.1580658E+00
 13 -0.9727768E-01
 14 -0.4985654E-01
 15 -0.2439570E-01
 16 -0.2543033E-01
 17 -0.8308130E-01
 18 -0.2256054E+00
 19 -0.2570161E+00
 20 -0.2650519E+00
 21 -0.2877972E+00
 22 -0.3971936E+00
  1  0.1545502E+00
  2  0.9725662E-01
  3  0.5179131E-01
  4  0.2786017E-01
  5  0.3007317E-01
  6  0.8654308E-01
  7  0.2251191E+00
  8  0.2552719E+00
  9  0.2647993E+00
 10  0.2895486E+00
 11  0.4000256E+00
 12 -0.1908780E-01
 13  0.5563248E-01
 14  0.1118168E+00
 15  0.1449596E+00
 16  0.1632183E+00
 17  0.1429690E+00
 18  0.1224727E+00
 19  0.1845328E+00
 20  0.2497613E+00
 21  0.3410736E+00
 22  0.4616958E+00
  1  0.1696108E-01
  2 -0.5597310E-01
  3 -0.1106810E+00
  4 -0.1425074E+00
  5 -0.1605994E+00
  6 -0.1411246E+00
  7 -0.1227433E+00
  8 -0.1856071E+00
  9 -0.2501279E+00
 10 -0.3409603E+00
 11 -0.4612451E+00
 12 -0.1515922E+00
 13 -0.9637212E-01
 14 -0.5250835E-01
 15 -0.2984281E-01
 16 -0.3267081E-01
 17 -0.8974992E-01
 18 -0.2256988E+00
 19 -0.2550973E+00
 20 -0.2641627E+00
 21 -0.2894749E+00
 22 -0.4032386E+00
  1  0.1485870E+00
  2  0.9548223E-01
  3  0.5399578E-01
  4  0.3216428E-01
  5  0.3624789E-01
  6  0.9238996E-01
  7  0.2248158E+00
  8  0.2541174E+00
  9  0.2639497E+00
 10  0.2908781E+00
 11  0.4058613E+00
 12 -0.1313218E-01
 13  0.5706055E-01
 14  0.1095026E+00
 15  0.1406412E+00
 16  0.1573029E+00
 17  0.1380384E+00
 18  0.1237678E+00
 19  0.1875436E+00
 20  0.2521952E+00
 21  0.3423537E+00
 22  0.4588974E+00
  1  0.1085246E-01
  2 -0.5779265E-01
  3 -0.1090735E+00
  4 -0.1393327E+00
  5 -0.1549586E+00
  6 -0.1362047E+00
  7 -0.1242045E+00
  8 -0.1883665E+00
  9 -0.2527856E+00
 10 -0.3417030E+00
 11 -0.4581955E+00
 12 -0.1459177E+00
 13 -0.9497973E-01
 14 -0.5492466E-01
 15 -0.3446567E-01
 16 -0.3943281E-01
 17 -0.9483730E-01
 18 -0.2254636E+00
 19 -0.2533775E+00
 20 -0.2631403E+00
 21 -0.2907443E+00
 22 -0.4089971E+00
  1  0.1431115E+00
  2  0.9451248E-01
  3  0.5618576E-01
  4  0.3691932E-01
  5  0.4230700E-01
  6  0.9701390E-01
  7  0.2242263E+00
  8  0.2524401E+00
  9  0.2629818E+00
 10  0.2921673E+00
 11  0.4106261E+00
 12 -0.7256870E-02
 13  0.5906102E-01
 14  0.1082579E+00
 15  0.1370559E+00
 16  0.1522266E+00
 17  0.1341243E+00
 18  0.1252992E+00
 19  0.1899664E+00
 20  0.2545265E+00
 21  0.3427538E+00
 22  0.4565836E+00
  1  0.5475246E-02
  2 -0.5927483E-01
  3 -0.1077167E+00
  4 -0.1355770E+00
  5 -0.1501924E+00
  6 -0.1321182E+00
  7 -0.1257329E+00
  8 -0.1912657E+00
  9 -0.2553672E+00
 10 -0.3421372E+00
 11 -0.4558699E+00
 12 -0.1406775E+00
 13 -0.9402377E-01
 14 -0.5679099E-01
 15 -0.3862545E-01
 16 -0.4486549E-01
 17 -0.9921136E-01
 18 -0.2245653E+00
 19 -0.2517065E+00
 20 -0.2622642E+00
 21 -0.2917426E+00
 22 -0.4136363E+00
  1  0.1380765E+00
  2  0.9350418E-01
  3  0.5817030E-01
  4  0.4092860E-01
  5  0.4763348E-01
  6  0.1014800E+00
  7  0.2237656E+00
  8  0.2507583E+00
  9  0.2616413E+00
 10  0.2927970E+00
 11  0.4151871E+00
 12 -0.1674845E-02
 13  0.6091820E-01
 14  0.1070184E+00
 15  0.1338269E+00
 16  0.1475485E+00
 17  0.1304648E+00
 18  0.1267070E+00
 19  0.1929493E+00
 20  0.2569644E+00
 21  0.3434065E+00
 22  0.4538034E+00
  1  0.4604803E-03
  2 -0.6076265E-01
  3 -0.1061829E+00
  4 -0.1320998E+00
  5 -0.1458547E+00
  6 -0.1291654E+00
  7 -0.1269806E+00
  8 -0.1937447E+00
  9 -0.2573476E+00
 10 -0.3426886E+00
 11 -0.4535385E+00
 12 -0.1360215E+00
 13 -0.9237815E-01
 14 -0.5868427E-01
 15 -0.4203784E-01
 16 -0.4975400E-01
 17 -0.1030909E+00
 18 -0.2236717E+00
 19 -0.2503658E+00
 20 -0.2610426E+00
 21 -0.2924534E+00
 22 -0.4181742E+00
  1  0.1337613E+00
  2  0.9217542E-01
  3  0.5962609E-01
  4  0.4411732E-01
  5  0.5217902E-01
  6  0.1046207E+00
  7  0.2227412E+00
  8  0.2493106E+00
  9  0.2606242E+00
 10  0.2935709E+00
 11  0.4191908E+00
 12  0.2688152E-02
 13  0.6234450E-01
 14  0.1058678E+00
 15  0.1308353E+00
 16  0.1437811E+00
 17  0.1277236E+00
 18  0.1280825E+00
 19  0.1954981E+00
 20  0.2587391E+00
 21  0.3436242E+00
 22  0.4516507E+00
  1 -0.4461342E-02
  2 -0.6278890E-01
  3 -0.1054327E+00
  4 -0.1297215E+00
  5 -0.1419632E+00
  6 -0.1264645E+00
  7 -0.1286096E+00
  8 -0.1961968E+00
  9 -0.2591612E+00
 10 -0.3431338E+00
 11 -0.4506121E+00
 12 -0.1313775E+00
 13 -0.9156663E-01
 14 -0.6025712E-01
 15 -0.4540348E-01
 16 -0.5453335E-01
 17 -0.1066634E+00
 18 -0.2231389E+00
 19 -0.2486832E+00
 20 -0.2601101E+00
 21 -0.2935604E+00
 22 -0.4216631E+00
  1  0.1293488E+00
  2  0.9101526E-01
  3  0.6119084E-01
  4  0.4683296E-01
  5  0.5602156E-01
  6  0.1077941E+00
  7  0.2218441E+00
  8  0.2474663E+00
  9  0.2595862E+00
 10  0.2945276E+00
 11  0.4230607E+00
 12  0.6815794E-02
 13  0.6391165E-01
 14  0.1048422E+00
 15  0.1283460E+00
 16  0.1398730E+00
 17  0.1249237E+00
 18  0.1295400E+00
 19  0.1975879E+00
 20  0.2607416E+00
 21  0.3438805E+00
 22  0.4493279E+00
  1 -0.8341471E-02
  2 -0.6391856E-01
  3 -0.1043181E+00
  4 -0.1272081E+00
  5 -0.1384623E+00
  6 -0.1236249E+00
  7 -0.1302798E+00
  8 -0.1982945E+00
  9 -0.2609619E+00
 10 -0.3431173E+00
 11 -0.4488828E+00
 12 -0.1277500E+00
 13 -0.9020926E-01
 14 -0.6147307E-01
 15 -0.4846043E-01
 16 -0.5811381E-01
 17 -0.1091276E+00
 18 -0.2219088E+00
 19 -0.2469512E+00
 20 -0.2588607E+00
 21 -0.2941301E+00
 22 -0.4255408E+00
  1  0.1392920E+00
  2  0.9264194E-01
  3  0.5676411E-01
  4  0.3975522E-01
  5  0.4992910E-01
  6  0.1082678E+00
  7  0.2308535E+00
  8  0.2501926E+00
  9  0.2566241E+00
 10  0.2872415E+00
 11  0.4207550E+00
 12 -0.3774814E-02
 13  0.6119029E-01
 14  0.1085704E+00
 15  0.1351223E+00
 16  0.1457372E+00
 17  0.1236183E+00
 18  0.1189237E+00
 19  0.1926899E+00
 20  0.2612811E+00
 21  0.3485702E+00
 22  0.4475976E+00
  1  0.8759469E-03
  2 -0.6229219E-01
  3 -0.1076076E+00
  4 -0.1331253E+00
  5 -0.1435909E+00
  6 -0.1225292E+00
  7 -0.1204622E+00
  8 -0.1944365E+00
  9 -0.2619861E+00
 10 -0.3471444E+00
 11 -0.4471074E+00
 12 -0.1365088E+00
 13 -0.9166268E-01
 14 -0.5766848E-01
 15 -0.4182689E-01
 16 -0.5266525E-01
 17 -0.1102846E+00
 18 -0.2303029E+00
 19 -0.2492196E+00
 20 -0.2562051E+00
 21 -0.2872496E+00
 22 -0.4236347E+00
  1  0.1346070E+00
  2  0.9131121E-01
  3  0.5791612E-01
  4  0.4269788E-01
  5  0.5379256E-01
  6  0.1112731E+00
  7  0.2296249E+00
  8  0.2481895E+00
  9  0.2555911E+00
 10  0.2880416E+00
 11  0.4248708E+00
 12  0.6303215E-03
 13  0.6319614E-01
 14  0.1075151E+00
 15  0.1324768E+00
 16  0.1420102E+00
 17  0.1211635E+00
 18  0.1208304E+00
 19  0.1951264E+00
 20  0.2629978E+00
 21  0.3488462E+00
 22  0.4454972E+00
  1 -0.3272044E-02
  2 -0.6345731E-01
  3 -0.1065127E+00
  4 -0.1310259E+00
  5 -0.1403470E+00
  6 -0.1200772E+00
  7 -0.1223219E+00
  8 -0.1967312E+00
  9 -0.2633114E+00
 10 -0.3476657E+00
 11 -0.4447250E+00
 12 -0.1323347E+00
 13 -0.9079838E-01
 14 -0.5889001E-01
 15 -0.4500332E-01
 16 -0.5662501E-01
 17 -0.1130466E+00
 18 -0.2288583E+00
 19 -0.2476327E+00
 20 -0.2552720E+00
 21 -0.2880976E+00
 22 -0.4273001E+00
  1  0.1307627E+00
  2  0.9050388E-01
  3  0.5958609E-01
  4  0.4606180E-01
  5  0.5780765E-01
  6  0.1136764E+00
  7  0.2284640E+00
  8  0.2464395E+00
  9  0.2547684E+00
 10  0.2888505E+00
 11  0.4282050E+00
 12  0.5034915E-02
 13  0.6444009E-01
 14  0.1066941E+00
 15  0.1299418E+00
 16  0.1390473E+00
 17  0.1187847E+00
 18  0.1229799E+00
 19  0.1971844E+00
 20  0.2648741E+00
 21  0.3487899E+00
 22  0.4432108E+00
  1 -0.6989023E-02
  2 -0.6454528E-01
  3 -0.1054655E+00
  4 -0.1284265E+00
  5 -0.1373143E+00
  6 -0.1179455E+00
  7 -0.1237201E+00
  8 -0.1986530E+00
  9 -0.2650105E+00
 10 -0.3477069E+00
 11 -0.4425623E+00
 12 -0.1284638E+00
 13 -0.8962254E-01
 14 -0.6015315E-01
 15 -0.4730966E-01
 16 -0.5970986E-01
 17 -0.1151839E+00
 18 -0.2276740E+00
 19 -0.2460527E+00
 20 -0.2543766E+00
 21 -0.2892182E+00
 22 -0.4309111E+00
  1  0.1275173E+00
  2  0.8970502E-01
  3  0.6107859E-01
  4  0.4853417E-01
  5  0.6119452E-01
  6  0.1162464E+00
  7  0.2269912E+00
  8  0.2451600E+00
  9  0.2536076E+00
 10  0.2898088E+00
 11  0.4316674E+00
 12  0.9011931E-02
 13  0.6586415E-01
 14  0.1058621E+00
 15  0.1279929E+00
 16  0.1361490E+00
 17  0.1171176E+00
 18  0.1242439E+00
 19  0.1996059E+00
 20  0.2658690E+00
 21  0.3482670E+00
 22  0.4410902E+00
  1 -0.1100644E-01
  2 -0.6570091E-01
  3 -0.1048879E+00
  4 -0.1268278E+00
  5 -0.1345315E+00
  6 -0.1165138E+00
  7 -0.1255210E+00
  8 -0.2006652E+00
  9 -0.2664170E+00
 10 -0.3472095E+00
 11 -0.4407617E+00
 12 -0.1252952E+00
 13 -0.8843511E-01
 14 -0.6124911E-01
 15 -0.4973690E-01
 16 -0.6295650E-01
 17 -0.1172844E+00
 18 -0.2265036E+00
 19 -0.2447283E+00
 20 -0.2533739E+00
 21 -0.2897011E+00
 22 -0.4338100E+00
  1  0.1370491E+00
  2  0.9063932E-01
  3  0.5588588E-01
  4  0.4065277E-01
  5  0.5415166E-01
  6  0.1176084E+00
  7  0.2369320E+00
  8  0.2476176E+00
  9  0.2500071E+00
 10  0.2814716E+00
 11  0.4308663E+00
 12 -0.2140961E-02
 13  0.6320082E-01
 14  0.1098113E+00
 15  0.1342646E+00
 16  0.1413204E+00
 17  0.1144522E+00
 18  0.1124525E+00
 19  0.1947659E+00
 20  0.2678283E+00
 21  0.3540944E+00
 22  0.4379338E+00
  1 -0.1720107E-02
  2 -0.6408492E-01
  3 -0.1088639E+00
  4 -0.1329641E+00
  5 -0.1392247E+00
  6 -0.1142759E+00
  7 -0.1151754E+00
  8 -0.1970625E+00
  9 -0.2683679E+00
 10 -0.3523776E+00
 11 -0.4370913E+00
 12 -0.1339895E+00
 13 -0.8991356E-01
 14 -0.5720761E-01
 15 -0.4355906E-01
 16 -0.5752896E-01
 17 -0.1191107E+00
 18 -0.2358159E+00
 19 -0.2467023E+00
 20 -0.2494218E+00
 21 -0.2817430E+00
 22 -0.4333724E+00
  1  0.1334100E+00
  2  0.8998482E-01
  3  0.5760883E-01
  4  0.4357976E-01
  5  0.5826513E-01
  6  0.1197568E+00
  7  0.2355429E+00
  8  0.2457474E+00
  9  0.2486457E+00
 10  0.2827027E+00
 11  0.4340288E+00
 12  0.2464322E-02
 13  0.6474351E-01
 14  0.1088250E+00
 15  0.1325325E+00
 16  0.1387642E+00
 17  0.1130392E+00
 18  0.1147805E+00
 19  0.1971617E+00
 20  0.2690589E+00
 21  0.3540251E+00
 22  0.4355901E+00
  1 -0.5261092E-02
  2 -0.6552716E-01
  3 -0.1079639E+00
  4 -0.1307980E+00
  5 -0.1364029E+00
  6 -0.1121436E+00
  7 -0.1169931E+00
  8 -0.1989141E+00
  9 -0.2696096E+00
 10 -0.3522066E+00
 11 -0.4352257E+00
 12 -0.1303334E+00
 13 -0.8909059E-01
 14 -0.5823664E-01
 15 -0.4537353E-01
 16 -0.6032753E-01
 17 -0.1206582E+00
 18 -0.2341228E+00
 19 -0.2455055E+00
 20 -0.2486705E+00
 21 -0.2829540E+00
 22 -0.4367602E+00
  1  0.1299502E+00
  2  0.8917941E-01
  3  0.5865895E-01
  4  0.4616518E-01
  5  0.6116045E-01
  6  0.1218724E+00
  7  0.2339028E+00
  8  0.2442282E+00
  9  0.2481925E+00
 10  0.2838694E+00
 11  0.4369456E+00
 12  0.6099862E-02
 13  0.6553729E-01
 14  0.1079920E+00
 15  0.1300655E+00
 16  0.1361210E+00
 17  0.1114380E+00
 18  0.1166653E+00
 19  0.1993672E+00
 20  0.2706934E+00
 21  0.3536735E+00
 22  0.4335397E+00
  1 -0.8328625E-02
  2 -0.6606749E-01
  3 -0.1067337E+00
  4 -0.1286449E+00
  5 -0.1340502E+00
  6 -0.1107759E+00
  7 -0.1187758E+00
  8 -0.2008399E+00
  9 -0.2704976E+00
 10 -0.3519408E+00
 11 -0.4338775E+00
 12 -0.1274634E+00
 13 -0.8810704E-01
 14 -0.5918125E-01
 15 -0.4756083E-01
 16 -0.6318901E-01
 17 -0.1227742E+00
 18 -0.2329635E+00
 19 -0.2435987E+00
 20 -0.2481221E+00
 21 -0.2836356E+00
 22 -0.4395354E+00
  1  0.1408224E+00
  2  0.9054078E-01
  3  0.5337182E-01
  4  0.3768858E-01
  5  0.5504748E-01
  6  0.1242298E+00
  7  0.2450322E+00
  8  0.2463457E+00
  9  0.2432857E+00
 10  0.2743163E+00
 11  0.4365522E+00
 12 -0.5099152E-02
 13  0.6391785E-01
 14  0.1126012E+00
 15  0.1378621E+00
 16  0.1413932E+00
 17  0.1077435E+00
 18  0.1038135E+00
 19  0.1944370E+00
 20  0.2731747E+00
 21  0.3600374E+00
 22  0.4280952E+00
  1  0.1568686E-02
  2 -0.6437497E-01
  3 -0.1109621E+00
  4 -0.1351642E+00
  5 -0.1389016E+00
  6 -0.1076418E+00
  7 -0.1067666E+00
  8 -0.1965847E+00
  9 -0.2731688E+00
 10 -0.3573993E+00
 11 -0.4289805E+00
 12 -0.1371755E+00
 13 -0.8973753E-01
 14 -0.5453934E-01
 15 -0.4042757E-01
 16 -0.5776627E-01
 17 -0.1250342E+00
 18 -0.2431565E+00
 19 -0.2453650E+00
 20 -0.2430490E+00
 21 -0.2750817E+00
 22 -0.4398244E+00
  1  0.1367562E+00
  2  0.8929537E-01
  3  0.5422148E-01
  4  0.3987097E-01
  5  0.5721407E-01
  6  0.1255626E+00
  7  0.2433369E+00
  8  0.2447511E+00
  9  0.2422198E+00
 10  0.2753196E+00
 11  0.4409267E+00
 12 -0.1992432E-02
 13  0.6445964E-01
 14  0.1114237E+00
 15  0.1349268E+00
 16  0.1382493E+00
 17  0.1059748E+00
 18  0.1051494E+00
 19  0.1970365E+00
 20  0.2742538E+00
 21  0.3595603E+00
 22  0.4269074E+00
  1 -0.1721047E-02
  2 -0.6549983E-01
  3 -0.1098418E+00
  4 -0.1334556E+00
  5 -0.1360012E+00
  6 -0.1060804E+00
  7 -0.1086684E+00
  8 -0.1986874E+00
  9 -0.2745994E+00
 10 -0.3573533E+00
 11 -0.4272750E+00
 12 -0.1331721E+00
 13 -0.8844285E-01
 14 -0.5617129E-01
 15 -0.4246832E-01
 16 -0.6050212E-01
 17 -0.1261661E+00
 18 -0.2411659E+00
 19 -0.2437911E+00
 20 -0.2424484E+00
 21 -0.2759870E+00
 22 -0.4432684E+00
  1  0.1331387E+00
  2  0.8859233E-01
  3  0.5559027E-01
  4  0.4262340E-01
  5  0.6043566E-01
  6  0.1271602E+00
  7  0.2411086E+00
  8  0.2429045E+00
  9  0.2417570E+00
 10  0.2766768E+00
 11  0.4433298E+00
 12  0.2097178E-02
 13  0.6627265E-01
 14  0.1103894E+00
 15  0.1331086E+00
 16  0.1358424E+00
 17  0.1053527E+00
 18  0.1079765E+00
 19  0.1987040E+00
 20  0.2759367E+00
 21  0.3593038E+00
 22  0.4251913E+00
  1 -0.4915756E-02
  2 -0.6652194E-01
  3 -0.1094539E+00
  4 -0.1312396E+00
  5 -0.1342702E+00
  6 -0.1048759E+00
  7 -0.1104042E+00
  8 -0.2006291E+00
  9 -0.2755931E+00
 10 -0.3567955E+00
 11 -0.4254479E+00
 12 -0.1302328E+00
 13 -0.8788261E-01
 14 -0.5668529E-01
 15 -0.4477986E-01
 16 -0.6305728E-01
 17 -0.1278623E+00
 18 -0.2400707E+00
 19 -0.2426480E+00
 20 -0.2418570E+00
 21 -0.2772933E+00
 22 -0.4455244E+00
  1  0.1448125E+00
  2  0.8955016E-01
  3  0.4938759E-01
  4  0.3336450E-01
  5  0.5355551E-01
  6  0.1311351E+00
  7  0.2539295E+00
  8  0.2447483E+00
  9  0.2344846E+00
 10  0.2654465E+00
 11  0.4442737E+00
 12 -0.1007519E-01
 13  0.6409723E-01
 14  0.1151169E+00
 15  0.1415776E+00
 16  0.1418881E+00
 17  0.1002496E+00
 18  0.9222094E-01
 19  0.1940018E+00
 20  0.2787533E+00
 21  0.3659871E+00
 22  0.4179804E+00
  1  0.6764471E-02
  2 -0.6417632E-01
  3 -0.1136128E+00
  4 -0.1383689E+00
  5 -0.1388479E+00
  6 -0.1002040E+00
  7 -0.9606213E-01
  8 -0.1963293E+00
  9 -0.2786760E+00
 10 -0.3632437E+00
 11 -0.4187791E+00
 12 -0.1406011E+00
 13 -0.8841080E-01
 14 -0.5093983E-01
 15 -0.3585691E-01
 16 -0.5625624E-01
 17 -0.1307745E+00
 18 -0.2517430E+00
 19 -0.2442671E+00
 20 -0.2356040E+00
 21 -0.2671626E+00
 22 -0.4472676E+00
  1  0.1409988E+00
  2  0.8915275E-01
  3  0.5113489E-01
  4  0.3644161E-01
  5  0.5677893E-01
  6  0.1320095E+00
  7  0.2517914E+00
  8  0.2429025E+00
  9  0.2345028E+00
 10  0.2672185E+00
 11  0.4472120E+00
 12 -0.5961552E-02
 13  0.6515102E-01
 14  0.1143176E+00
 15  0.1389495E+00
 16  0.1390224E+00
 17  0.9917560E-01
 18  0.9514508E-01
 19  0.1963797E+00
 20  0.2799046E+00
 21  0.3655177E+00
 22  0.4164079E+00
  1  0.2708260E-02
  2 -0.6534804E-01
  3 -0.1127481E+00
  4 -0.1366286E+00
  5 -0.1369357E+00
  6 -0.9907545E-01
  7 -0.9879054E-01
  8 -0.1983567E+00
  9 -0.2798751E+00
 10 -0.3626615E+00
 11 -0.4173791E+00
 12 -0.1375514E+00
 13 -0.8771375E-01
 14 -0.5228002E-01
 15 -0.3863267E-01
 16 -0.5936170E-01
 17 -0.1324974E+00
 18 -0.2501128E+00
 19 -0.2427383E+00
 20 -0.2350139E+00
 21 -0.2676713E+00
 22 -0.4498165E+00
  1  0.1377267E+00
  2  0.8804020E-01
  3  0.5240769E-01
  4  0.3869342E-01
  5  0.5940961E-01
  6  0.1326435E+00
  7  0.2498595E+00
  8  0.2419289E+00
  9  0.2340534E+00
 10  0.2686489E+00
 11  0.4500551E+00
 12 -0.2840893E-02
 13  0.6594399E-01
 14  0.1137263E+00
 15  0.1374161E+00
 16  0.1367770E+00
 17  0.9835541E-01
 18  0.9757563E-01
 19  0.1982542E+00
 20  0.2804735E+00
 21  0.3649334E+00
 22  0.4150034E+00
  1  0.2666341E-03
  2 -0.6633475E-01
  3 -0.1121069E+00
  4 -0.1350771E+00
  5 -0.1349216E+00
  6 -0.9822610E-01
  7 -0.1010162E+00
  8 -0.1999296E+00
  9 -0.2807133E+00
 10 -0.3622256E+00
 11 -0.4162127E+00
 12 -0.1344836E+00
 13 -0.8741949E-01
 14 -0.5317128E-01
 15 -0.4061885E-01
 16 -0.6160676E-01
 17 -0.1329377E+00
 18 -0.2479300E+00
 19 -0.2412674E+00
 20 -0.2348793E+00
 21 -0.2690370E+00
 22 -0.4523447E+00
  1  0.1493645E+00
  2  0.8914302E-01
  3  0.4481415E-01
  4  0.2831592E-01
  5  0.5186106E-01
  6  0.1373483E+00
  7  0.2641964E+00
  8  0.2428592E+00
  9  0.2255006E+00
 10  0.2556094E+00
 11  0.4517472E+00
 12 -0.1666067E-01
 13  0.6300894E-01
 14  0.1188968E+00
 15  0.1449807E+00
 16  0.1419907E+00
 17  0.9187434E-01
 18  0.7978593E-01
 19  0.1930516E+00
 20  0.2848297E+00
 21  0.3732769E+00
 22  0.4052566E+00
  1  0.1189971E-01
  2 -0.6432959E-01
  3 -0.1172637E+00
  4 -0.1431386E+00
  5 -0.1398514E+00
  6 -0.9229558E-01
  7 -0.8478717E-01
  8 -0.1956446E+00
  9 -0.2846179E+00
 10 -0.3691764E+00
 11 -0.4066462E+00
 12 -0.1461795E+00
 13 -0.8812315E-01
 14 -0.4709855E-01
 15 -0.3135669E-01
 16 -0.5520302E-01
 17 -0.1372444E+00
 18 -0.2612465E+00
 19 -0.2427999E+00
 20 -0.2270131E+00
 21 -0.2563100E+00
 22 -0.4545636E+00
  1  0.1458958E+00
  2  0.8864786E-01
  3  0.4705697E-01
  4  0.3047895E-01
  5  0.5508826E-01
  6  0.1385657E+00
  7  0.2620938E+00
  8  0.2418338E+00
  9  0.2254795E+00
 10  0.2574988E+00
 11  0.4538898E+00
 12 -0.1295995E-01
 13  0.6413844E-01
 14  0.1172429E+00
 15  0.1434984E+00
 16  0.1396086E+00
 17  0.9085148E-01
 18  0.8330566E-01
 19  0.1952003E+00
 20  0.2855104E+00
 21  0.3722643E+00
 22  0.4045174E+00
  1  0.9463874E-02
  2 -0.6496827E-01
  3 -0.1159065E+00
  4 -0.1410539E+00
  5 -0.1376822E+00
  6 -0.9128274E-01
  7 -0.8597709E-01
  8 -0.1979431E+00
  9 -0.2853461E+00
 10 -0.3688518E+00
 11 -0.4058972E+00
 12 -0.1428702E+00
 13 -0.8767961E-01
 14 -0.4823339E-01
 15 -0.3296566E-01
 16 -0.5734029E-01
 17 -0.1386257E+00
 18 -0.2600300E+00
 19 -0.2411022E+00
 20 -0.2262582E+00
 21 -0.2579705E+00
 22 -0.4569080E+00
  1  0.1597031E+00
  2  0.8950575E-01
  3  0.3857247E-01
  4  0.1886509E-01
  5  0.4666771E-01
  6  0.1429240E+00
  7  0.2777676E+00
  8  0.2424214E+00
  9  0.2146828E+00
 10  0.2412959E+00
 11  0.4567224E+00
 12 -0.2800703E-01
 13  0.6130909E-01
 14  0.1237560E+00
 15  0.1523270E+00
 16  0.1453400E+00
 17  0.8319113E-01
 18  0.6279909E-01
 19  0.1893627E+00
 20  0.2904658E+00
 21  0.3802843E+00
 22  0.3915468E+00
  1  0.7391052E-02
  2 -0.6597161E-01
  3 -0.1164025E+00
  4 -0.1405163E+00
  5 -0.1373315E+00
  6 -0.9067935E-01
  7 -0.8713333E-01
  8 -0.1988139E+00
  9 -0.2871011E+00
 10 -0.3689686E+00
 11 -0.4027210E+00
 12 -0.1420535E+00
 13 -0.8763503E-01
 14 -0.4873318E-01
 15 -0.3413771E-01
 16 -0.5888559E-01
 17 -0.1405042E+00
 18 -0.2599250E+00
 19 -0.2407259E+00
 20 -0.2256468E+00
 21 -0.2574245E+00
 22 -0.4583074E+00
  1  0.1542145E+00
  2  0.8941466E-01
  3  0.4192172E-01
  4  0.2451434E-01
  5  0.5159302E-01
  6  0.1443949E+00
  7  0.2729804E+00
  8  0.2400434E+00
  9  0.2163496E+00
 10  0.2464112E+00
 11  0.4585913E+00
 12 -0.2102186E-01
 13  0.6310864E-01
 14  0.1214785E+00
 15  0.1490930E+00
 16  0.1423664E+00
 17  0.8475962E-01
 18  0.6978741E-01
 19  0.1928949E+00
 20  0.2906533E+00
 21  0.3783433E+00
 22  0.3921959E+00
  1  0.5907894E-02
  2 -0.6595135E-01
  3 -0.1156084E+00
  4 -0.1396987E+00
  5 -0.1355375E+00
  6 -0.8934538E-01
  7 -0.8733035E-01
  8 -0.1996827E+00
  9 -0.2881598E+00
 10 -0.3692977E+00
 11 -0.4016385E+00
 12 -0.1406058E+00
 13 -0.8683273E-01
 14 -0.4875804E-01
 15 -0.3504190E-01
 16 -0.5992058E-01
 17 -0.1407983E+00
 18 -0.2601091E+00
 19 -0.2389697E+00
 20 -0.2244037E+00
 21 -0.2577500E+00
 22 -0.4607236E+00
  1  0.1482917E+00
  2  0.8747929E-01
  3  0.4336312E-01
  4  0.2724344E-01
  5  0.5407977E-01
  6  0.1443571E+00
  7  0.2691187E+00
  8  0.2388584E+00
  9  0.2179428E+00
 10  0.2493115E+00
 11  0.4617854E+00
 12 -0.1591966E-01
 13  0.6357274E-01
 14  0.1192739E+00
 15  0.1457761E+00
 16  0.1387705E+00
 17  0.8388118E-01
 18  0.7384463E-01
 19  0.1952858E+00
 20  0.2913733E+00
 21  0.3772030E+00
 22  0.3933909E+00
  1  0.4525295E-02
  2 -0.6646111E-01
  3 -0.1148210E+00
  4 -0.1387411E+00
  5 -0.1339392E+00
  6 -0.8901064E-01
  7 -0.8816631E-01
  8 -0.2008952E+00
  9 -0.2887579E+00
 10 -0.3695145E+00
 11 -0.4012747E+00
 12 -0.1385144E+00
 13 -0.8631959E-01
 14 -0.4951205E-01
 15 -0.3606926E-01
 16 -0.6170498E-01
 17 -0.1420435E+00
 18 -0.2586468E+00
 19 -0.2379503E+00
 20 -0.2230704E+00
 21 -0.2584243E+00
 22 -0.4623371E+00
  1  0.1441174E+00
  2  0.8676695E-01
  3  0.4627124E-01
  4  0.3165318E-01
  5  0.5766499E-01
  6  0.1456555E+00
  7  0.2660810E+00
  8  0.2371918E+00
  9  0.2184220E+00
 10  0.2523916E+00
 11  0.4628130E+00
 12 -0.1120062E-01
 13  0.6583214E-01
 14  0.1187312E+00
 15  0.1434131E+00
 16  0.1373854E+00
 17  0.8494548E-01
 18  0.7867730E-01
 19  0.1984181E+00
 20  0.2916915E+00
 21  0.3750873E+00
 22  0.3934524E+00
  1  0.2194793E-02
  2 -0.6681132E-01
  3 -0.1141482E+00
  4 -0.1370416E+00
  5 -0.1326267E+00
  6 -0.8757509E-01
  7 -0.8926614E-01
  8 -0.2023764E+00
  9 -0.2890996E+00
 10 -0.3689283E+00
 11 -0.4001381E+00
 12 -0.1360057E+00
 13 -0.8572419E-01
 14 -0.5036246E-01
 15 -0.3732936E-01
 16 -0.6310425E-01
 17 -0.1434471E+00
 18 -0.2579539E+00
 19 -0.2372385E+00
 20 -0.2233473E+00
 21 -0.2589435E+00
 22 -0.4643781E+00
  1  0.1408550E+00
  2  0.8685865E-01
  3  0.4751665E-01
  4  0.3363702E-01
  5  0.6001380E-01
  6  0.1455918E+00
  7  0.2628923E+00
  8  0.2365167E+00
  9  0.2193514E+00
 10  0.2553768E+00
 11  0.4647213E+00
 12 -0.6943244E-02
 13  0.6641573E-01
 14  0.1169960E+00
 15  0.1410279E+00
 16  0.1343673E+00
 17  0.8528621E-01
 18  0.8214590E-01
 19  0.2000574E+00
 20  0.2919196E+00
 21  0.3737610E+00
 22  0.3937347E+00
  1  0.3726202E-03
  2 -0.6737440E-01
  3 -0.1136534E+00
  4 -0.1361207E+00
  5 -0.1315836E+00
  6 -0.8725665E-01
  7 -0.9085264E-01
  8 -0.2037598E+00
  9 -0.2902680E+00
 10 -0.3685087E+00
 11 -0.3987682E+00
 12 -0.1344323E+00
 13 -0.8531204E-01
 14 -0.5112413E-01
 15 -0.3962371E-01
 16 -0.6437332E-01
 17 -0.1435032E+00
 18 -0.2565173E+00
 19 -0.2359766E+00
 20 -0.2232154E+00
 21 -0.2601874E+00
 22 -0.4657944E+00
  1  0.1376490E+00
  2  0.8593475E-01
  3  0.4981499E-01
  4  0.3558668E-01
  5  0.6291235E-01
  6  0.1453599E+00
  7  0.2605799E+00
  8  0.2355184E+00
  9  0.2199488E+00
 10  0.2574883E+00
 11  0.4655957E+00
 12 -0.3894087E-02
 13  0.6730770E-01
 14  0.1160974E+00
 15  0.1388948E+00
 16  0.1328115E+00
 17  0.8506523E-01
 18  0.8494474E-01
 19  0.2017480E+00
 20  0.2921361E+00
 21  0.3731640E+00
 22  0.3940825E+00
  1 -0.1776105E-02
  2 -0.6776202E-01
  3 -0.1131360E+00
  4 -0.1347545E+00
  5 -0.1299769E+00
  6 -0.8652000E-01
  7 -0.9247272E-01
  8 -0.2049512E+00
  9 -0.2906226E+00
 10 -0.3679590E+00
 11 -0.3990910E+00
 12 -0.1321021E+00
 13 -0.8466918E-01
 14 -0.5152412E-01
 15 -0.4012780E-01
 16 -0.6572229E-01
 17 -0.1442989E+00
 18 -0.2550568E+00
 19 -0.2353905E+00
 20 -0.2232609E+00
 21 -0.2609209E+00
 22 -0.4668701E+00
  1  0.1346481E+00
  2  0.8570989E-01
  3  0.5040921E-01
  4  0.3792959E-01
  5  0.6411225E-01
  6  0.1459291E+00
  7  0.2585668E+00
  8  0.2344454E+00
  9  0.2208600E+00
 10  0.2591209E+00
 11  0.4670252E+00
 12 -0.1668924E-02
 13  0.6789333E-01
 14  0.1149681E+00
 15  0.1369536E+00
 16  0.1317105E+00
 17  0.8503712E-01
 18  0.8801766E-01
 19  0.2033284E+00
 20  0.2925943E+00
 21  0.3717111E+00
 22  0.3940131E+00
  1 -0.4104848E-02
  2 -0.6868950E-01
  3 -0.1130714E+00
  4 -0.1337135E+00
  5 -0.1291993E+00
  6 -0.8660147E-01
  7 -0.9416613E-01
  8 -0.2057460E+00
  9 -0.2912481E+00
 10 -0.3672237E+00
 11 -0.3983010E+00
 12 -0.1299686E+00
 13 -0.8495674E-01
 14 -0.5238155E-01
 15 -0.4191638E-01
 16 -0.6776482E-01
 17 -0.1447626E+00
 18 -0.2538480E+00
 19 -0.2349760E+00
 20 -0.2229304E+00
 21 -0.2618927E+00
 22 -0.4677502E+00
  1  0.1320708E+00
  2  0.8513646E-01
  3  0.5113646E-01
  4  0.4034642E-01
  5  0.6600058E-01
  6  0.1461610E+00
  7  0.2562923E+00
  8  0.2336967E+00
  9  0.2211623E+00
 10  0.2609853E+00
 11  0.4675159E+00
 12  0.2121840E-02
 13  0.6884693E-01
 14  0.1139908E+00
 15  0.1355271E+00
 16  0.1297513E+00
 17  0.8564866E-01
 18  0.9009340E-01
 19  0.2049469E+00
 20  0.2926163E+00
 21  0.3710233E+00
 22  0.3946780E+00
  1 -0.5672133E-02
  2 -0.6886850E-01
  3 -0.1118595E+00
  4 -0.1320315E+00
  5 -0.1277000E+00
  6 -0.8663286E-01
  7 -0.9540240E-01
  8 -0.2066519E+00
  9 -0.2918761E+00
 10 -0.3667594E+00
 11 -0.3984050E+00
 12 -0.1280805E+00
 13 -0.8386953E-01
 14 -0.5306348E-01
 15 -0.4333367E-01
 16 -0.6788776E-01
 17 -0.1446033E+00
 18 -0.2525527E+00
 19 -0.2333075E+00
 20 -0.2236952E+00
 21 -0.2632385E+00
 22 -0.4690734E+00
  1  0.1439262E+00
  2  0.8582411E-01
  3  0.4399124E-01
  4  0.2901624E-01
  5  0.5847640E-01
  6  0.1522145E+00
  7  0.2716638E+00
  8  0.2330136E+00
  9  0.2097182E+00
 10  0.2460222E+00
 11  0.4723130E+00
 12 -0.1154749E-01
 13  0.6602164E-01
 14  0.1192295E+00
 15  0.1440653E+00
 16  0.1344577E+00
 17  0.7656440E-01
 18  0.7101749E-01
 19  0.2003778E+00
 20  0.2981682E+00
 21  0.3796074E+00
 22  0.3811354E+00
  1 -0.6385196E-02
  2 -0.6877840E-01
  3 -0.1118220E+00
  4 -0.1314936E+00
  5 -0.1272232E+00
  6 -0.8598458E-01
  7 -0.9547251E-01
  8 -0.2077477E+00
  9 -0.2924036E+00
 10 -0.3667755E+00
 11 -0.3971093E+00
 12 -0.1275462E+00
 13 -0.8435603E-01
 14 -0.5338712E-01
 15 -0.4365551E-01
 16 -0.6884898E-01
 17 -0.1457326E+00
 18 -0.2527869E+00
 19 -0.2334704E+00
 20 -0.2224785E+00
 21 -0.2626674E+00
 22 -0.4699387E+00
  1  0.1394808E+00
  2  0.8514703E-01
  3  0.4689643E-01
  4  0.3304364E-01
  5  0.6246188E-01
  6  0.1517020E+00
  7  0.2672297E+00
  8  0.2325302E+00
  9  0.2115348E+00
 10  0.2500408E+00
 11  0.4725964E+00
 12 -0.6355951E-02
 13  0.6729576E-01
 14  0.1176243E+00
 15  0.1413611E+00
 16  0.1322503E+00
 17  0.7804085E-01
 18  0.7641605E-01
 19  0.2030309E+00
 20  0.2976564E+00
 21  0.3770923E+00
 22  0.3836212E+00
  1 -0.8072020E-02
  2 -0.6932402E-01
  3 -0.1122577E+00
  4 -0.1321736E+00
  5 -0.1268132E+00
  6 -0.8521451E-01
  7 -0.9574459E-01
  8 -0.2084758E+00
  9 -0.2924988E+00
 10 -0.3665695E+00
 11 -0.3957691E+00
 12 -0.1267582E+00
 13 -0.8400960E-01
 14 -0.5405617E-01
 15 -0.4406571E-01
 16 -0.6994105E-01
 17 -0.1465473E+00
 18 -0.2529420E+00
 19 -0.2326290E+00
 20 -0.2220888E+00
 21 -0.2633431E+00
 22 -0.4705287E+00
  1  0.1359169E+00
  2  0.8491751E-01
  3  0.4838507E-01
  4  0.3574776E-01
  5  0.6425541E-01
  6  0.1509813E+00
  7  0.2632699E+00
  8  0.2322489E+00
  9  0.2137589E+00
 10  0.2533969E+00
 11  0.4729235E+00
 12 -0.2769641E-02
 13  0.6768625E-01
 14  0.1159518E+00
 15  0.1382138E+00
 16  0.1303006E+00
 17  0.7899585E-01
 18  0.8073516E-01
 19  0.2044064E+00
 20  0.2975093E+00
 21  0.3754258E+00
 22  0.3858112E+00
  1 -0.8805674E-02
  2 -0.6970891E-01
  3 -0.1110935E+00
  4 -0.1310385E+00
  5 -0.1257533E+00
  6 -0.8521005E-01
  7 -0.9646795E-01
  8 -0.2095645E+00
  9 -0.2928741E+00
 10 -0.3669334E+00
 11 -0.3955222E+00
 12 -0.1256199E+00
 13 -0.8398678E-01
 14 -0.5386691E-01
 15 -0.4471923E-01
 16 -0.7046705E-01
 17 -0.1468623E+00
 18 -0.2516127E+00
 19 -0.2318717E+00
 20 -0.2217253E+00
 21 -0.2640106E+00
 22 -0.4713725E+00
  1  0.1323538E+00
  2  0.8457337E-01
  3  0.4929692E-01
  4  0.3796766E-01
  5  0.6610683E-01
  6  0.1505191E+00
  7  0.2606858E+00
  8  0.2310013E+00
  9  0.2152116E+00
 10  0.2573018E+00
 11  0.4737628E+00
 12  0.3981156E-03
 13  0.6771239E-01
 14  0.1145931E+00
 15  0.1358949E+00
 16  0.1284918E+00
 17  0.7953276E-01
 18  0.8427872E-01
 19  0.2055665E+00
 20  0.2970977E+00
 21  0.3740767E+00
 22  0.3867313E+00
  1 -0.1011494E-01
  2 -0.6989952E-01
  3 -0.1107963E+00
  4 -0.1299919E+00
  5 -0.1248716E+00
  6 -0.8484768E-01
  7 -0.9742074E-01
  8 -0.2096467E+00
  9 -0.2934186E+00
 10 -0.3662201E+00
 11 -0.3953924E+00
 12 -0.1246503E+00
 13 -0.8336036E-01
 14 -0.5477611E-01
 15 -0.4500014E-01
 16 -0.7129921E-01
 17 -0.1467330E+00
 18 -0.2511706E+00
 19 -0.2314527E+00
 20 -0.2216294E+00
 21 -0.2640758E+00
 22 -0.4726709E+00
  1  0.1303800E+00
  2  0.8470515E-01
  3  0.5203819E-01
  4  0.4131955E-01
  5  0.6804647E-01
  6  0.1501552E+00
  7  0.2581740E+00
  8  0.2300908E+00
  9  0.2163073E+00
 10  0.2589224E+00
 11  0.4735340E+00
 12  0.4160475E-02
 13  0.6983764E-01
 14  0.1141162E+00
 15  0.1348747E+00
 16  0.1279191E+00
 17  0.8139122E-01
 18  0.8866173E-01
 19  0.2077011E+00
 20  0.2961125E+00
 21  0.3721044E+00
 22  0.3877281E+00
  1 -0.1188957E-01
  2 -0.7087380E-01
  3 -0.1107996E+00
  4 -0.1295652E+00
  5 -0.1245506E+00
  6 -0.8497792E-01
  7 -0.9875555E-01
  8 -0.2106009E+00
  9 -0.2935815E+00
 10 -0.3657729E+00
 11 -0.3950396E+00
 12 -0.1232004E+00
 13 -0.8349652E-01
 14 -0.5525226E-01
 15 -0.4725501E-01
 16 -0.7220416E-01
 17 -0.1474862E+00
 18 -0.2502444E+00
 19 -0.2304621E+00
 20 -0.2216597E+00
 21 -0.2649736E+00
 22 -0.4726686E+00
  1  0.1273341E+00
  2  0.8372627E-01
  3  0.5222681E-01
  4  0.4241521E-01
  5  0.6951477E-01
  6  0.1490220E+00
  7  0.2557557E+00
  8  0.2298885E+00
  9  0.2173839E+00
 10  0.2610802E+00
 11  0.4739680E+00
 12  0.5879780E-02
 13  0.6943398E-01
 14  0.1124891E+00
 15  0.1325342E+00
 16  0.1258606E+00
 17  0.8170650E-01
 18  0.9059991E-01
 19  0.2084238E+00
 20  0.2962947E+00
 21  0.3717509E+00
 22  0.3894300E+00
  1 -0.1315688E-01
  2 -0.7019889E-01
  3 -0.1098288E+00
  4 -0.1285504E+00
  5 -0.1235737E+00
  6 -0.8451883E-01
  7 -0.9963290E-01
  8 -0.2109832E+00
  9 -0.2937006E+00
 10 -0.3653671E+00
 11 -0.3954805E+00
 12 -0.1220393E+00
 13 -0.8310746E-01
 14 -0.5564352E-01
 15 -0.4723966E-01
 16 -0.7329807E-01
 17 -0.1472251E+00
 18 -0.2489253E+00
 19 -0.2306371E+00
 20 -0.2222250E+00
 21 -0.2661277E+00
 22 -0.4730302E+00
  1  0.1252542E+00
  2  0.8357358E-01
  3  0.5408600E-01
  4  0.4371512E-01
  5  0.7066466E-01
  6  0.1494432E+00
  7  0.2536250E+00
  8  0.2293864E+00
  9  0.2182781E+00
 10  0.2630015E+00
 11  0.4740037E+00
 12  0.8660627E-02
 13  0.7009500E-01
 14  0.1119002E+00
 15  0.1315294E+00
 16  0.1252555E+00
 17  0.8241010E-01
 18  0.9343838E-01
 19  0.2097573E+00
 20  0.2957824E+00
 21  0.3701092E+00
 22  0.3901770E+00
  1 -0.1417705E-01
  2 -0.7075083E-01
  3 -0.1095953E+00
  4 -0.1281053E+00
  5 -0.1229716E+00
  6 -0.8499038E-01
  7 -0.1013445E+00
  8 -0.2118621E+00
  9 -0.2936777E+00
 10 -0.3647233E+00
 11 -0.3953500E+00
 12 -0.1209337E+00
 13 -0.8288877E-01
 14 -0.5659617E-01
 15 -0.4840082E-01
 16 -0.7376762E-01
 17 -0.1461884E+00
 18 -0.2479599E+00
 19 -0.2299499E+00
 20 -0.2222098E+00
 21 -0.2670277E+00
 22 -0.4737113E+00
  1  0.1354665E+00
  2  0.8349171E-01
  3  0.4699131E-01
  4  0.3368516E-01
  5  0.6420946E-01
  6  0.1560901E+00
  7  0.2687995E+00
  8  0.2284376E+00
  9  0.2066668E+00
 10  0.2484552E+00
 11  0.4794572E+00
 12 -0.3840985E-02
 13  0.6802678E-01
 14  0.1172132E+00
 15  0.1393880E+00
 16  0.1292474E+00
 17  0.7366990E-01
 18  0.7405179E-01
 19  0.2053049E+00
 20  0.3027734E+00
 21  0.3784159E+00
 22  0.3763566E+00
  1 -0.1452317E-01
  2 -0.7105606E-01
  3 -0.1097652E+00
  4 -0.1275841E+00
  5 -0.1229894E+00
  6 -0.8427420E-01
  7 -0.1006517E+00
  8 -0.2129799E+00
  9 -0.2944303E+00
 10 -0.3647391E+00
 11 -0.3945726E+00
 12 -0.1202308E+00
 13 -0.8290277E-01
 14 -0.5657033E-01
 15 -0.4851317E-01
 16 -0.7380617E-01
 17 -0.1477222E+00
 18 -0.2478391E+00
 19 -0.2293948E+00
 20 -0.2214451E+00
 21 -0.2670693E+00
 22 -0.4740479E+00
  1  0.1326498E+00
  2  0.8396976E-01
  3  0.4894837E-01
  4  0.3764516E-01
  5  0.6663541E-01
  6  0.1545907E+00
  7  0.2651370E+00
  8  0.2280209E+00
  9  0.2086301E+00
 10  0.2534765E+00
 11  0.4785163E+00
 12  0.2008846E-03
 13  0.6886968E-01
 14  0.1162370E+00
 15  0.1370248E+00
 16  0.1274482E+00
 17  0.7527805E-01
 18  0.7967451E-01
 19  0.2073835E+00
 20  0.3011444E+00
 21  0.3760805E+00
 22  0.3791244E+00
  1 -0.1552175E-01
  2 -0.7111442E-01
  3 -0.1093479E+00
  4 -0.1279706E+00
  5 -0.1224853E+00
  6 -0.8421248E-01
  7 -0.1005245E+00
  8 -0.2127214E+00
  9 -0.2944401E+00
 10 -0.3645774E+00
 11 -0.3943231E+00
 12 -0.1194286E+00
 13 -0.8284822E-01
 14 -0.5681313E-01
 15 -0.4894840E-01
 16 -0.7498964E-01
 17 -0.1481959E+00
 18 -0.2482325E+00
 19 -0.2290174E+00
 20 -0.2215546E+00
 21 -0.2665270E+00
 22 -0.4746456E+00
  1  0.1288916E+00
  2  0.8323443E-01
  3  0.4993856E-01
  4  0.3987467E-01
  5  0.6873620E-01
  6  0.1540101E+00
  7  0.2613613E+00
  8  0.2274566E+00
  9  0.2114722E+00
 10  0.2564620E+00
 11  0.4783250E+00
 12  0.3852502E-02
 13  0.6940351E-01
 14  0.1146123E+00
 15  0.1349230E+00
 16  0.1268641E+00
 17  0.7703504E-01
 18  0.8333191E-01
 19  0.2085974E+00
 20  0.3005206E+00
 21  0.3740646E+00
 22  0.3817096E+00
  1 -0.1604627E-01
  2 -0.7083613E-01
  3 -0.1094598E+00
  4 -0.1270187E+00
  5 -0.1223748E+00
  6 -0.8412079E-01
  7 -0.1012699E+00
  8 -0.2131341E+00
  9 -0.2947893E+00
 10 -0.3640667E+00
 11 -0.3939759E+00
 12 -0.1188837E+00
 13 -0.8300416E-01
 14 -0.5739284E-01
 15 -0.4926417E-01
 16 -0.7518525E-01
 17 -0.1476863E+00
 18 -0.2476086E+00
 19 -0.2288394E+00
 20 -0.2214951E+00
 21 -0.2680976E+00
 22 -0.4747543E+00
  1  0.1264059E+00
  2  0.8392662E-01
  3  0.5247772E-01
  4  0.4175547E-01
  5  0.7056876E-01
  6  0.1528636E+00
  7  0.2582613E+00
  8  0.2275671E+00
  9  0.2125480E+00
 10  0.2594420E+00
 11  0.4777579E+00
 12  0.7331934E-02
 13  0.7005874E-01
 14  0.1135388E+00
 15  0.1331334E+00
 16  0.1253165E+00
 17  0.7788301E-01
 18  0.8770461E-01
 19  0.2100096E+00
 20  0.2997765E+00
 21  0.3729852E+00
 22  0.3831193E+00
  1 -0.1676125E-01
  2 -0.7136513E-01
  3 -0.1089798E+00
  4 -0.1266289E+00
  5 -0.1216919E+00
  6 -0.8396964E-01
  7 -0.1019619E+00
  8 -0.2138218E+00
  9 -0.2951862E+00
 10 -0.3639360E+00
 11 -0.3940908E+00
 12 -0.1181064E+00
 13 -0.8275377E-01
 14 -0.5738645E-01
 15 -0.4899316E-01
 16 -0.7504693E-01
 17 -0.1475481E+00
 18 -0.2466363E+00
 19 -0.2285769E+00
 20 -0.2212969E+00
 21 -0.2682446E+00
 22 -0.4753412E+00
  1  0.1237533E+00
  2  0.8323364E-01
  3  0.5361125E-01
  4  0.4426470E-01
  5  0.7157049E-01
  6  0.1522079E+00
  7  0.2559053E+00
  8  0.2269119E+00
  9  0.2140620E+00
 10  0.2615155E+00
 11  0.4777660E+00
 12  0.9218414E-02
 13  0.7046532E-01
 14  0.1121906E+00
 15  0.1314050E+00
 16  0.1246590E+00
 17  0.7919304E-01
 18  0.9089260E-01
 19  0.2109242E+00
 20  0.2989047E+00
 21  0.3710474E+00
 22  0.3856139E+00
  1 -0.1806371E-01
  2 -0.7111164E-01
  3 -0.1088485E+00
  4 -0.1261215E+00
  5 -0.1214696E+00
  6 -0.8434584E-01
  7 -0.1031057E+00
  8 -0.2144232E+00
  9 -0.2949167E+00
 10 -0.3632885E+00
 11 -0.3937804E+00
 12 -0.1174141E+00
 13 -0.8285139E-01
 14 -0.5811502E-01
 15 -0.5085990E-01
 16 -0.7595009E-01
 17 -0.1478651E+00
 18 -0.2465488E+00
 19 -0.2281785E+00
 20 -0.2219069E+00
 21 -0.2687688E+00
 22 -0.4751731E+00
  1  0.1217093E+00
  2  0.8341089E-01
  3  0.5480793E-01
  4  0.4616692E-01
  5  0.7261357E-01
  6  0.1519219E+00
  7  0.2533024E+00
  8  0.2271506E+00
  9  0.2158858E+00
 10  0.2643327E+00
 11  0.4764742E+00
 12  0.1174528E-01
 13  0.7108446E-01
 14  0.1114744E+00
 15  0.1300727E+00
 16  0.1237318E+00
 17  0.8042458E-01
 18  0.9354217E-01
 19  0.2119515E+00
 20  0.2984307E+00
 21  0.3697180E+00
 22  0.3869569E+00
  1 -0.1924217E-01
  2 -0.7135274E-01
  3 -0.1079634E+00
  4 -0.1253653E+00
  5 -0.1206463E+00
  6 -0.8464262E-01
  7 -0.1036387E+00
  8 -0.2148817E+00
  9 -0.2951531E+00
 10 -0.3633165E+00
 11 -0.3940122E+00
 12 -0.1164479E+00
 13 -0.8262717E-01
 14 -0.5827548E-01
 15 -0.5138634E-01
 16 -0.7603054E-01
 17 -0.1477029E+00
 18 -0.2454292E+00
 19 -0.2282231E+00
 20 -0.2219757E+00
 21 -0.2693530E+00
 22 -0.4753997E+00
  1  0.1201820E+00
  2  0.8285913E-01
  3  0.5555252E-01
  4  0.4702599E-01
  5  0.7379791E-01
  6  0.1512343E+00
  7  0.2519199E+00
  8  0.2262660E+00
  9  0.2165429E+00
 10  0.2659249E+00
 11  0.4770394E+00
 12  0.1374623E-01
 13  0.7084421E-01
 14  0.1104745E+00
 15  0.1285198E+00
 16  0.1224837E+00
 17  0.8110350E-01
 18  0.9561031E-01
 19  0.2125770E+00
 20  0.2975449E+00
 21  0.3685763E+00
 22  0.3886131E+00
  1 -0.2045830E-01
  2 -0.7202706E-01
  3 -0.1081812E+00
  4 -0.1252813E+00
  5 -0.1209775E+00
  6 -0.8500735E-01
  7 -0.1046300E+00
  8 -0.2156148E+00
  9 -0.2948711E+00
 10 -0.3624077E+00
 11 -0.3949251E+00
 12 -0.1154622E+00
 13 -0.8258463E-01
 14 -0.5909341E-01
 15 -0.5221006E-01
 16 -0.7722358E-01
 17 -0.1478864E+00
 18 -0.2442986E+00
 19 -0.2271971E+00
 20 -0.2220084E+00
 21 -0.2703952E+00
 22 -0.4749070E+00
  1  0.1313734E+00
  2  0.8383596E-01
  3  0.4960036E-01
  4  0.3841633E-01
  5  0.6843933E-01
  6  0.1578903E+00
  7  0.2667133E+00
  8  0.2250671E+00
  9  0.2047142E+00
 10  0.2519205E+00
 11  0.4814357E+00
 12  0.2383424E-02
 13  0.6926981E-01
 14  0.1157997E+00
 15  0.1371018E+00
 16  0.1274052E+00
 17  0.7311764E-01
 18  0.7719212E-01
 19  0.2095748E+00
 20  0.3046550E+00
 21  0.3768183E+00
 22  0.3740913E+00
  1 -0.9700137E-02
  2 -0.7037427E-01
  3 -0.1120646E+00
  4 -0.1319851E+00
  5 -0.1238343E+00
  6 -0.7706974E-01
  7 -0.8897510E-01
  8 -0.2125940E+00
  9 -0.3006739E+00
 10 -0.3692898E+00
 11 -0.3833461E+00
 12 -0.1240370E+00
 13 -0.8341575E-01
 14 -0.5345368E-01
 15 -0.4436149E-01
 16 -0.7217897E-01
 17 -0.1532650E+00
 18 -0.2579767E+00
 19 -0.2272615E+00
 20 -0.2126371E+00
 21 -0.2586262E+00
 22 -0.4802948E+00
  1  0.1425103E+00
  2  0.8438034E-01
  3  0.4121846E-01
  4  0.2642528E-01
  5  0.6045592E-01
  6  0.1649285E+00
  7  0.2834903E+00
  8  0.2229513E+00
  9  0.1909406E+00
 10  0.2347648E+00
 11  0.4879168E+00
 12 -0.1255463E-01
 13  0.6634740E-01
 14  0.1208725E+00
 15  0.1458746E+00
 16  0.1313329E+00
 17  0.6192497E-01
 18  0.5478306E-01
 19  0.2052178E+00
 20  0.3116470E+00
 21  0.3865200E+00
 22  0.3555816E+00
  1 -0.9694740E-02
  2 -0.6990435E-01
  3 -0.1120560E+00
  4 -0.1323851E+00
  5 -0.1240748E+00
  6 -0.7660350E-01
  7 -0.8718485E-01
  8 -0.2126789E+00
  9 -0.3017014E+00
 10 -0.3691379E+00
 11 -0.3820267E+00
 12 -0.1246405E+00
 13 -0.8344986E-01
 14 -0.5283063E-01
 15 -0.4320536E-01
 16 -0.7184131E-01
 17 -0.1538901E+00
 18 -0.2588468E+00
 19 -0.2260987E+00
 20 -0.2113870E+00
 21 -0.2581454E+00
 22 -0.4818341E+00
  1  0.1377586E+00
  2  0.8489186E-01
  3  0.4420019E-01
  4  0.3084100E-01
  5  0.6272156E-01
  6  0.1636732E+00
  7  0.2780992E+00
  8  0.2233420E+00
  9  0.1950329E+00
 10  0.2412263E+00
 11  0.4861277E+00
 12 -0.6441713E-02
 13  0.6796128E-01
 14  0.1188138E+00
 15  0.1422993E+00
 16  0.1299220E+00
 17  0.6519995E-01
 18  0.6226570E-01
 19  0.2074982E+00
 20  0.3102030E+00
 21  0.3827721E+00
 22  0.3613720E+00
  1 -0.9542114E-02
  2 -0.6953251E-01
  3 -0.1132976E+00
  4 -0.1323835E+00
  5 -0.1243111E+00
  6 -0.7594449E-01
  7 -0.8756657E-01
  8 -0.2133262E+00
  9 -0.3016971E+00
 10 -0.3692556E+00
 11 -0.3811913E+00
 12 -0.1247256E+00
 13 -0.8388720E-01
 14 -0.5312495E-01
 15 -0.4357944E-01
 16 -0.7204051E-01
 17 -0.1550411E+00
 18 -0.2602121E+00
 19 -0.2263171E+00
 20 -0.2103376E+00
 21 -0.2573337E+00
 22 -0.4813555E+00
  1  0.1339749E+00
  2  0.8460684E-01
  3  0.4713928E-01
  4  0.3358055E-01
  5  0.6584403E-01
  6  0.1614641E+00
  7  0.2739880E+00
  8  0.2236330E+00
  9  0.1981748E+00
 10  0.2459181E+00
 11  0.4853895E+00
 12 -0.1909895E-02
 13  0.6832740E-01
 14  0.1175457E+00
 15  0.1402148E+00
 16  0.1288258E+00
 17  0.6791181E-01
 18  0.6886421E-01
 19  0.2094050E+00
 20  0.3080096E+00
 21  0.3796892E+00
 22  0.3656762E+00
  1 -0.9708967E-02
  2 -0.6977665E-01
  3 -0.1117835E+00
  4 -0.1321184E+00
  5 -0.1237258E+00
  6 -0.7500682E-01
  7 -0.8626014E-01
  8 -0.2128026E+00
  9 -0.3025111E+00
 10 -0.3693593E+00
 11 -0.3813510E+00
 12 -0.1241609E+00
 13 -0.8269998E-01
 14 -0.5267004E-01
 15 -0.4237089E-01
 16 -0.7158533E-01
 17 -0.1541596E+00
 18 -0.2598689E+00
 19 -0.2259798E+00
 20 -0.2101359E+00
 21 -0.2577950E+00
 22 -0.4828354E+00
  1  0.1310188E+00
  2  0.8392385E-01
  3  0.4789985E-01
  4  0.3597307E-01
  5  0.6786969E-01
  6  0.1601971E+00
  7  0.2703123E+00
  8  0.2238885E+00
  9  0.2011494E+00
 10  0.2499670E+00
 11  0.4844371E+00
 12  0.1411081E-02
 13  0.6858672E-01
 14  0.1160442E+00
 15  0.1376877E+00
 16  0.1270592E+00
 17  0.6970520E-01
 18  0.7323639E-01
 19  0.2098975E+00
 20  0.3073050E+00
 21  0.3777253E+00
 22  0.3693886E+00
  1 -0.1062203E-01
  2 -0.7010590E-01
  3 -0.1118835E+00
  4 -0.1319951E+00
  5 -0.1238713E+00
  6 -0.7578579E-01
  7 -0.8775344E-01
  8 -0.2135502E+00
  9 -0.3031107E+00
 10 -0.3691358E+00
 11 -0.3811824E+00
 12 -0.1231731E+00
 13 -0.8316480E-01
 14 -0.5310575E-01
 15 -0.4422497E-01
 16 -0.7267962E-01
 17 -0.1549558E+00
 18 -0.2595401E+00
 19 -0.2255442E+00
 20 -0.2102975E+00
 21 -0.2579094E+00
 22 -0.4817378E+00
  1  0.1422812E+00
  2  0.8441027E-01
  3  0.4159289E-01
  4  0.2512203E-01
  5  0.6017987E-01
  6  0.1672215E+00
  7  0.2877961E+00
  8  0.2213244E+00
  9  0.1859939E+00
 10  0.2323521E+00
 11  0.4905139E+00
 12 -0.1289323E-01
 13  0.6613646E-01
 14  0.1221664E+00
 15  0.1467308E+00
 16  0.1311307E+00
 17  0.5865696E-01
 18  0.5025020E-01
 19  0.2058176E+00
 20  0.3139707E+00
 21  0.3865697E+00
 22  0.3509396E+00
  1 -0.9789266E-02
  2 -0.6930482E-01
  3 -0.1121212E+00
  4 -0.1323919E+00
  5 -0.1243610E+00
  6 -0.7430735E-01
  7 -0.8466170E-01
  8 -0.2141413E+00
  9 -0.3039473E+00
 10 -0.3698955E+00
 11 -0.3797094E+00
 12 -0.1235911E+00
 13 -0.8294725E-01
 14 -0.5256724E-01
 15 -0.4304406E-01
 16 -0.7135027E-01
 17 -0.1555530E+00
 18 -0.2601233E+00
 19 -0.2251952E+00
 20 -0.2094021E+00
 21 -0.2570930E+00
 22 -0.4829320E+00
  1  0.1386413E+00
  2  0.8373611E-01
  3  0.4361575E-01
  4  0.2903914E-01
  5  0.6230989E-01
  6  0.1658433E+00
  7  0.2819199E+00
  8  0.2220540E+00
  9  0.1905568E+00
 10  0.2393568E+00
 11  0.4889950E+00
 12 -0.8046891E-02
 13  0.6705194E-01
 14  0.1194720E+00
 15  0.1427541E+00
 16  0.1296888E+00
 17  0.6300144E-01
 18  0.5872748E-01
 19  0.2071351E+00
 20  0.3122128E+00
 21  0.3828742E+00
 22  0.3573563E+00
  1 -0.9948281E-02
  2 -0.7006557E-01
  3 -0.1125040E+00
  4 -0.1324146E+00
  5 -0.1246653E+00
  6 -0.7440908E-01
  7 -0.8438925E-01
  8 -0.2137591E+00
  9 -0.3040860E+00
 10 -0.3695792E+00
 11 -0.3790830E+00
 12 -0.1239808E+00
 13 -0.8384443E-01
 14 -0.5323066E-01
 15 -0.4334709E-01
 16 -0.7137931E-01
 17 -0.1561240E+00
 18 -0.2615904E+00
 19 -0.2247717E+00
 20 -0.2083878E+00
 21 -0.2565004E+00
 22 -0.4831091E+00
  1  0.1344721E+00
  2  0.8461206E-01
  3  0.4684686E-01
  4  0.3321246E-01
  5  0.6577712E-01
  6  0.1633962E+00
  7  0.2764354E+00
  8  0.2214814E+00
  9  0.1950033E+00
 10  0.2438753E+00
 11  0.4875577E+00
 12 -0.1528170E-02
 13  0.6884707E-01
 14  0.1178143E+00
 15  0.1407664E+00
 16  0.1291014E+00
 17  0.6543903E-01
 18  0.6475493E-01
 19  0.2095862E+00
 20  0.3105884E+00
 21  0.3800469E+00
 22  0.3624134E+00
  1 -0.1041620E-01
  2 -0.6984673E-01
  3 -0.1121810E+00
  4 -0.1324657E+00
  5 -0.1243756E+00
  6 -0.7370184E-01
  7 -0.8416217E-01
  8 -0.2145685E+00
  9 -0.3041368E+00
 10 -0.3694464E+00
 11 -0.3788516E+00
 12 -0.1234903E+00
 13 -0.8347152E-01
 14 -0.5308240E-01
 15 -0.4295589E-01
 16 -0.7155607E-01
 17 -0.1560645E+00
 18 -0.2616806E+00
 19 -0.2246345E+00
 20 -0.2077762E+00
 21 -0.2563560E+00
 22 -0.4838960E+00
  1  0.1314379E+00
  2  0.8406068E-01
  3  0.4753923E-01
  4  0.3458120E-01
  5  0.6553340E-01
  6  0.1614110E+00
  7  0.2726719E+00
  8  0.2214444E+00
  9  0.1970942E+00
 10  0.2483563E+00
 11  0.4874451E+00
 12 -0.5074130E-03
 13  0.6780111E-01
 14  0.1156857E+00
 15  0.1380342E+00
 16  0.1265358E+00
 17  0.6700310E-01
 18  0.6838452E-01
 19  0.2104233E+00
 20  0.3092123E+00
 21  0.3794477E+00
 22  0.3664081E+00
  1 -0.1070301E-01
  2 -0.6960321E-01
  3 -0.1119981E+00
  4 -0.1324226E+00
  5 -0.1241583E+00
  6 -0.7388792E-01
  7 -0.8411530E-01
  8 -0.2145408E+00
  9 -0.3040958E+00
 10 -0.3691979E+00
 11 -0.3787878E+00
 12 -0.1237489E+00
 13 -0.8391743E-01
 14 -0.5309302E-01
 15 -0.4317366E-01
 16 -0.7168221E-01
 17 -0.1557556E+00
 18 -0.2613598E+00
 19 -0.2246648E+00
 20 -0.2083047E+00
 21 -0.2574513E+00
 22 -0.4835596E+00
  1  0.1430702E+00
  2  0.8455335E-01
  3  0.3991078E-01
  4  0.2347588E-01
  5  0.5954029E-01
  6  0.1696847E+00
  7  0.2913368E+00
  8  0.2194936E+00
  9  0.1822664E+00
 10  0.2317036E+00
 11  0.4911257E+00
 12 -0.1268006E-01
 13  0.6501676E-01
 14  0.1222397E+00
 15  0.1464356E+00
 16  0.1321268E+00
 17  0.5628419E-01
 18  0.4639975E-01
 19  0.2067698E+00
 20  0.3174252E+00
 21  0.3866067E+00
 22  0.3467041E+00
  1 -0.9466663E-02
  2 -0.6996653E-01
  3 -0.1122356E+00
  4 -0.1334679E+00
  5 -0.1251619E+00
  6 -0.7299132E-01
  7 -0.8294759E-01
  8 -0.2148281E+00
  9 -0.3050822E+00
 10 -0.3697046E+00
 11 -0.3770446E+00
 12 -0.1238857E+00
 13 -0.8400080E-01
 14 -0.5308690E-01
 15 -0.4189396E-01
 16 -0.7157625E-01
 17 -0.1568340E+00
 18 -0.2634538E+00
 19 -0.2240251E+00
 20 -0.2065535E+00
 21 -0.2553292E+00
 22 -0.4842635E+00
  1  0.1391219E+00
  2  0.8479117E-01
  3  0.4377199E-01
  4  0.2857754E-01
  5  0.6239024E-01
  6  0.1670610E+00
  7  0.2847013E+00
  8  0.2201265E+00
  9  0.1878313E+00
 10  0.2378969E+00
 11  0.4890976E+00
 12 -0.6489989E-02
 13  0.6651101E-01
 14  0.1194621E+00
 15  0.1441412E+00
 16  0.1306957E+00
 17  0.6084023E-01
 18  0.5555436E-01
 19  0.2087355E+00
 20  0.3148379E+00
 21  0.3832682E+00
 22  0.3540445E+00
  1 -0.9182744E-02
  2 -0.6926138E-01
  3 -0.1121615E+00
  4 -0.1333619E+00
  5 -0.1249618E+00
  6 -0.7277126E-01
  7 -0.8163112E-01
  8 -0.2149126E+00
  9 -0.3063827E+00
 10 -0.3697225E+00
 11 -0.3759815E+00
 12 -0.1243902E+00
 13 -0.8312327E-01
 14 -0.5202023E-01
 15 -0.4234637E-01
 16 -0.7092489E-01
 17 -0.1576427E+00
 18 -0.2638137E+00
 19 -0.2238821E+00
 20 -0.2061133E+00
 21 -0.2550772E+00
 22 -0.4848014E+00
  1  0.1343739E+00
  2  0.8303352E-01
  3  0.4551007E-01
  4  0.3087469E-01
  5  0.6352179E-01
  6  0.1639703E+00
  7  0.2787945E+00
  8  0.2205355E+00
  9  0.1921148E+00
 10  0.2436490E+00
 11  0.4903704E+00
 12 -0.3475144E-02
 13  0.6683730E-01
 14  0.1172440E+00
 15  0.1402233E+00
 16  0.1281914E+00
 17  0.6289973E-01
 18  0.6072444E-01
 19  0.2099783E+00
 20  0.3122372E+00
 21  0.3807367E+00
 22  0.3598567E+00
  1 -0.9122719E-02
  2 -0.6850002E-01
  3 -0.1126600E+00
  4 -0.1333584E+00
  5 -0.1247327E+00
  6 -0.7203261E-01
  7 -0.8132634E-01
  8 -0.2148601E+00
  9 -0.3066345E+00
 10 -0.3694226E+00
 11 -0.3761681E+00
 12 -0.1238948E+00
 13 -0.8334648E-01
 14 -0.5256546E-01
 15 -0.4188327E-01
 16 -0.7065805E-01
 17 -0.1572453E+00
 18 -0.2643419E+00
 19 -0.2242639E+00
 20 -0.2054103E+00
 21 -0.2552191E+00
 22 -0.4849620E+00
  1  0.1468277E+00
  2  0.8481606E-01
  3  0.3662270E-01
  4  0.2036133E-01
  5  0.5587020E-01
  6  0.1739736E+00
  7  0.2981908E+00
  8  0.2178209E+00
  9  0.1751859E+00
 10  0.2246393E+00
 11  0.4935088E+00
 12 -0.1721059E-01
 13  0.6449626E-01
 14  0.1238957E+00
 15  0.1504708E+00
 16  0.1341171E+00
 17  0.5204255E-01
 18  0.3749346E-01
 19  0.2056964E+00
 20  0.3201075E+00
 21  0.3885714E+00
 22  0.3387027E+00
  1 -0.8593362E-02
  2 -0.6928055E-01
  3 -0.1132420E+00
  4 -0.1346879E+00
  5 -0.1252577E+00
  6 -0.7096432E-01
  7 -0.7892109E-01
  8 -0.2142758E+00
  9 -0.3076515E+00
 10 -0.3697752E+00
 11 -0.3737257E+00
 12 -0.1254501E+00
 13 -0.8368487E-01
 14 -0.5157584E-01
 15 -0.4085679E-01
 16 -0.6937118E-01
 17 -0.1594387E+00
 18 -0.2663293E+00
 19 -0.2236724E+00
 20 -0.2038353E+00
 21 -0.2540552E+00
 22 -0.4856777E+00
  1  0.1407010E+00
  2  0.8522107E-01
  3  0.4171511E-01
  4  0.2522475E-01
  5  0.5947654E-01
  6  0.1691128E+00
  7  0.2896122E+00
  8  0.2190600E+00
  9  0.1822909E+00
 10  0.2333985E+00
 11  0.4928283E+00
 12 -0.9909359E-02
 13  0.6582022E-01
 14  0.1200669E+00
 15  0.1458173E+00
 16  0.1314555E+00
 17  0.5680774E-01
 18  0.4829757E-01
 19  0.2084067E+00
 20  0.3169393E+00
 21  0.3848562E+00
 22  0.3478977E+00
  1 -0.7180644E-02
  2 -0.6828337E-01
  3 -0.1130325E+00
  4 -0.1345698E+00
  5 -0.1258978E+00
  6 -0.6955901E-01
  7 -0.7697042E-01
  8 -0.2141831E+00
  9 -0.3080498E+00
 10 -0.3712365E+00
 11 -0.3726687E+00
 12 -0.1255047E+00
 13 -0.8389246E-01
 14 -0.5117832E-01
 15 -0.4004902E-01
 16 -0.6919719E-01
 17 -0.1588810E+00
 18 -0.2680379E+00
 19 -0.2227797E+00
 20 -0.2022745E+00
 21 -0.2531606E+00
 22 -0.4866161E+00
  1  0.1350044E+00
  2  0.8415956E-01
  3  0.4375640E-01
  4  0.2938156E-01
  5  0.6183693E-01
  6  0.1678010E+00
  7  0.2847725E+00
  8  0.2189449E+00
  9  0.1873461E+00
 10  0.2394252E+00
 11  0.4908282E+00
 12 -0.5604178E-02
 13  0.6606638E-01
 14  0.1179124E+00
 15  0.1429395E+00
 16  0.1306036E+00
 17  0.5984998E-01
 18  0.5433005E-01
 19  0.2092727E+00
 20  0.3154221E+00
 21  0.3822355E+00
 22  0.3547567E+00
  1 -0.7539401E-02
  2 -0.6842396E-01
  3 -0.1133073E+00
  4 -0.1340879E+00
  5 -0.1259875E+00
  6 -0.6966725E-01
  7 -0.7571613E-01
  8 -0.2148593E+00
  9 -0.3092070E+00
 10 -0.3706502E+00
 11 -0.3713835E+00
 12 -0.1261385E+00
 13 -0.8444652E-01
 14 -0.5091324E-01
 15 -0.3983652E-01
 16 -0.6863078E-01
 17 -0.1600224E+00
 18 -0.2684980E+00
 19 -0.2219351E+00
 20 -0.2016371E+00
 21 -0.2525337E+00
 22 -0.4874295E+00
  1  0.1473987E+00
  2  0.8468549E-01
  3  0.3561132E-01
  4  0.1522461E-01
  5  0.5373853E-01
  6  0.1754088E+00
  7  0.3041073E+00
  8  0.2153253E+00
  9  0.1700774E+00
 10  0.2211784E+00
 11  0.4954899E+00
 12 -0.2019343E-01
 13  0.6225823E-01
 14  0.1233910E+00
 15  0.1515739E+00
 16  0.1344250E+00
 17  0.4820527E-01
 18  0.2912362E-01
 19  0.2044692E+00
 20  0.3237329E+00
 21  0.3899302E+00
 22  0.3337081E+00
  1 -0.6565045E-02
  2 -0.6770343E-01
  3 -0.1147508E+00
  4 -0.1358992E+00
  5 -0.1268476E+00
  6 -0.6788961E-01
  7 -0.7284526E-01
  8 -0.2142749E+00
  9 -0.3105464E+00
 10 -0.3716135E+00
 11 -0.3698517E+00
 12 -0.1272137E+00
 13 -0.8480579E-01
 14 -0.5052361E-01
 15 -0.3830942E-01
 16 -0.6843816E-01
 17 -0.1603588E+00
 18 -0.2709050E+00
 19 -0.2219245E+00
 20 -0.1997465E+00
 21 -0.2506900E+00
 22 -0.4871478E+00
  1  0.1414273E+00
  2  0.8586049E-01
  3  0.4035900E-01
  4  0.2382510E-01
  5  0.5763212E-01
  6  0.1719358E+00
  7  0.2946517E+00
  8  0.2155949E+00
  9  0.1783435E+00
 10  0.2314232E+00
 11  0.4930840E+00
 12 -0.1101298E-01
 13  0.6445830E-01
 14  0.1214683E+00
 15  0.1479328E+00
 16  0.1326849E+00
 17  0.5391034E-01
 18  0.4233774E-01
 19  0.2089836E+00
 20  0.3206319E+00
 21  0.3853115E+00
 22  0.3429112E+00
  1 -0.5312022E-02
  2 -0.6721386E-01
  3 -0.1143038E+00
  4 -0.1370481E+00
  5 -0.1262244E+00
  6 -0.6631664E-01
  7 -0.7135119E-01
  8 -0.2149832E+00
  9 -0.3108693E+00
 10 -0.3722525E+00
 11 -0.3677288E+00
 12 -0.1286126E+00
 13 -0.8421312E-01
 14 -0.5001624E-01
 15 -0.3683797E-01
 16 -0.6705049E-01
 17 -0.1612251E+00
 18 -0.2723665E+00
 19 -0.2211406E+00
 20 -0.1985765E+00
 21 -0.2496326E+00
 22 -0.4885841E+00
  1  0.1537522E+00
  2  0.8509132E-01
  3  0.3233019E-01
  4  0.1006012E-01
  5  0.4845764E-01
  6  0.1801424E+00
  7  0.3141680E+00
  8  0.2116331E+00
  9  0.1606725E+00
 10  0.2112394E+00
 11  0.4969871E+00
 12 -0.2630916E-01
 13  0.6082197E-01
 14  0.1264009E+00
 15  0.1576330E+00
 16  0.1377946E+00
 17  0.4066119E-01
 18  0.1619308E-01
 19  0.2031130E+00
 20  0.3278871E+00
 21  0.3928543E+00
 22  0.3209841E+00
  1 -0.3528442E-02
  2 -0.6701002E-01
  3 -0.1150360E+00
  4 -0.1387412E+00
  5 -0.1288972E+00
  6 -0.6475712E-01
  7 -0.6573587E-01
  8 -0.2141665E+00
  9 -0.3126550E+00
 10 -0.3731921E+00
 11 -0.3644013E+00
 12 -0.1314814E+00
 13 -0.8510227E-01
 14 -0.4899510E-01
 15 -0.3560192E-01
 16 -0.6534243E-01
 17 -0.1627294E+00
 18 -0.2767991E+00
 19 -0.2204117E+00
 20 -0.1948525E+00
 21 -0.2463683E+00
 22 -0.4892773E+00
  1  0.1464955E+00
  2  0.8581009E-01
  3  0.3744775E-01
  4  0.1875154E-01
  5  0.5414812E-01
  6  0.1738820E+00
  7  0.3013047E+00
  8  0.2144860E+00
  9  0.1703259E+00
 10  0.2237546E+00
 11  0.4953789E+00
 12 -0.1723593E-01
 13  0.6354888E-01
 14  0.1230008E+00
 15  0.1504872E+00
 16  0.1353578E+00
 17  0.4910677E-01
 18  0.3173695E-01
 19  0.2063741E+00
 20  0.3243960E+00
 21  0.3885804E+00
 22  0.3351410E+00
  1 -0.1210941E-02
  2 -0.6611278E-01
  3 -0.1164315E+00
  4 -0.1403541E+00
  5 -0.1299417E+00
  6 -0.6306241E-01
  7 -0.6321055E-01
  8 -0.2140532E+00
  9 -0.3142938E+00
 10 -0.3736803E+00
 11 -0.3614472E+00
 12 -0.1314964E+00
 13 -0.8505782E-01
 14 -0.4778471E-01
 15 -0.3322753E-01
 16 -0.6544402E-01
 17 -0.1642177E+00
 18 -0.2790112E+00
 19 -0.2195269E+00
 20 -0.1931652E+00
 21 -0.2446561E+00
 22 -0.4901651E+00
  1  0.1577106E+00
  2  0.8569311E-01
  3  0.2754376E-01
  4  0.3908554E-02
  5  0.4439244E-01
  6  0.1833941E+00
  7  0.3212733E+00
  8  0.2090413E+00
  9  0.1506269E+00
 10  0.2044251E+00
 11  0.4997347E+00
 12 -0.3309656E-01
 13  0.5883571E-01
 14  0.1277999E+00
 15  0.1600732E+00
 16  0.1385634E+00
 17  0.3461251E-01
 18  0.4573521E-02
 19  0.2011066E+00
 20  0.3310831E+00
 21  0.3948837E+00
 22  0.3120151E+00
  1  0.1294242E-02
  2 -0.6506704E-01
  3 -0.1169003E+00
  4 -0.1418349E+00
  5 -0.1293296E+00
  6 -0.5926542E-01
  7 -0.5633130E-01
  8 -0.2131810E+00
  9 -0.3168893E+00
 10 -0.3758075E+00
 11 -0.3567148E+00
 12 -0.1345686E+00
 13 -0.8499062E-01
 14 -0.4563171E-01
 15 -0.3017521E-01
 16 -0.6259946E-01
 17 -0.1653824E+00
 18 -0.2845317E+00
 19 -0.2193050E+00
 20 -0.1882556E+00
 21 -0.2404717E+00
 22 -0.4922537E+00
  1  0.1500527E+00
  2  0.8559871E-01
  3  0.3496719E-01
  4  0.1515239E-01
  5  0.5107481E-01
  6  0.1792689E+00
  7  0.3083535E+00
  8  0.2139478E+00
  9  0.1641381E+00
 10  0.2186239E+00
 11  0.4955879E+00
 12 -0.2031302E-01
 13  0.6140197E-01
 14  0.1248870E+00
 15  0.1534088E+00
 16  0.1366480E+00
 17  0.4548462E-01
 18  0.2197439E-01
 19  0.2057527E+00
 20  0.3265148E+00
 21  0.3898057E+00
 22  0.3276053E+00
  1  0.3577738E-02
  2 -0.6503122E-01
  3 -0.1171952E+00
  4 -0.1427077E+00
  5 -0.1315094E+00
  6 -0.5862434E-01
  7 -0.5319941E-01
  8 -0.2132464E+00
  9 -0.3187330E+00
 10 -0.3763301E+00
 11 -0.3539303E+00
 12 -0.1350191E+00
 13 -0.8582196E-01
 14 -0.4464719E-01
 15 -0.2966541E-01
 16 -0.6051043E-01
 17 -0.1675574E+00
 18 -0.2871135E+00
 19 -0.2187589E+00
 20 -0.1859079E+00
 21 -0.2380735E+00
 22 -0.4923456E+00
  1  0.1609295E+00
  2  0.8653469E-01
  3  0.2753724E-01
  4  0.6816493E-03
  5  0.4229472E-01
  6  0.1867673E+00
  7  0.3288634E+00
  8  0.2063380E+00
  9  0.1437376E+00
 10  0.1976064E+00
 11  0.5003862E+00
 12 -0.3593034E-01
 13  0.5710320E-01
 14  0.1293441E+00
 15  0.1631715E+00
 16  0.1414074E+00
 17  0.3116807E-01
 18 -0.6234541E-02
 19  0.2005486E+00
 20  0.3341218E+00
 21  0.3944941E+00
 22  0.3032597E+00
  1  0.7831590E-02
  2 -0.6348651E-01
  3 -0.1185546E+00
  4 -0.1466562E+00
  5 -0.1321228E+00
  6 -0.5409420E-01
  7 -0.4419042E-01
  8 -0.2120888E+00
  9 -0.3217223E+00
 10 -0.3779745E+00
 11 -0.3473330E+00
 12 -0.1390804E+00
 13 -0.8530845E-01
 14 -0.4143684E-01
 15 -0.2527444E-01
 16 -0.5777090E-01
 17 -0.1701948E+00
 18 -0.2932774E+00
 19 -0.2173069E+00
 20 -0.1798516E+00
 21 -0.2321994E+00
 22 -0.4952172E+00
  1  0.1711796E+00
  2  0.8734473E-01
  3  0.1933594E-01
  4 -0.1092073E-01
  5  0.3265384E-01
  6  0.1911287E+00
  7  0.3439873E+00
  8  0.2016001E+00
  9  0.1266668E+00
 10  0.1800917E+00
 11  0.5022480E+00
 12 -0.4787468E-01
 13  0.5443188E-01
 14  0.1342521E+00
 15  0.1696995E+00
 16  0.1446416E+00
 17  0.2063892E-01
 18 -0.2914927E-01
 19  0.1946861E+00
 20  0.3384423E+00
 21  0.3990878E+00
 22  0.2815816E+00
  1  0.1429582E-01
  2 -0.6120490E-01
  3 -0.1218181E+00
  4 -0.1504641E+00
  5 -0.1358966E+00
  6 -0.4790817E-01
  7 -0.3220585E-01
  8 -0.2106893E+00
  9 -0.3253953E+00
 10 -0.3813622E+00
 11 -0.3363253E+00
 12 -0.1449855E+00
 13 -0.8597863E-01
 14 -0.3788422E-01
 15 -0.1888197E-01
 16 -0.5472143E-01
 17 -0.1734103E+00
 18 -0.3037857E+00
 19 -0.2154035E+00
 20 -0.1702462E+00
 21 -0.2234796E+00
 22 -0.4970558E+00
  1  0.1777378E+00
  2  0.8611039E-01
  3  0.9252692E-02
  4 -0.2227619E-01
  5  0.2561337E-01
  6  0.1953408E+00
  7  0.3557950E+00
  8  0.1971398E+00
  9  0.1107188E+00
 10  0.1674157E+00
 11  0.5013916E+00
 12 -0.5921957E-01
 13  0.4944535E-01
 14  0.1355059E+00
 15  0.1748372E+00
 16  0.1477091E+00
 17  0.7289644E-02
 18 -0.4820013E-01
 19  0.1909459E+00
 20  0.3425401E+00
 21  0.4029462E+00
 22  0.2631128E+00
  1  0.2280181E-01
  2 -0.5883007E-01
  3 -0.1246815E+00
  4 -0.1567295E+00
  5 -0.1381537E+00
  6 -0.3932830E-01
  7 -0.1567953E-01
  8 -0.2087687E+00
  9 -0.3304222E+00
 10 -0.3847016E+00
 11 -0.3228040E+00
 12 -0.1514591E+00
 13 -0.8609044E-01
 14 -0.3367611E-01
 15 -0.1240145E-01
 16 -0.4866229E-01
 17 -0.1795840E+00
 18 -0.3152276E+00
 19 -0.2124263E+00
 20 -0.1595907E+00
 21 -0.2097824E+00
 22 -0.4998406E+00
  1  0.1824501E+00
  2  0.8787400E-01
  3  0.7203918E-02
  4 -0.2679908E-01
  5  0.2118522E-01
  6  0.2011326E+00
  7  0.3640189E+00
  8  0.1912190E+00
  9  0.1010838E+00
 10  0.1555256E+00
 11  0.5012384E+00
 12 -0.6528374E-01
 13  0.4850805E-01
 14  0.1376522E+00
 15  0.1792104E+00
 16  0.1483781E+00
 17  0.3293040E-02
 18 -0.6282807E-01
 19  0.1877096E+00
 20  0.3452235E+00
 21  0.4020739E+00
 22  0.2507289E+00
  1  0.3343096E-01
  2 -0.5626229E-01
  3 -0.1271109E+00
  4 -0.1624455E+00
  5 -0.1409871E+00
  6 -0.2997998E-01
  7  0.5573904E-02
  8 -0.2046721E+00
  9 -0.3362208E+00
 10 -0.3887356E+00
 11 -0.3062184E+00
 12 -0.1600186E+00
 13 -0.8611519E-01
 14 -0.2572417E-01
 15 -0.1761623E-02
 16 -0.4199489E-01
 17 -0.1851946E+00
 18 -0.3294209E+00
 19 -0.2076746E+00
 20 -0.1439223E+00
 21 -0.1961107E+00
 22 -0.5019727E+00
  1  0.1865717E+00
  2  0.8808621E-01
  3  0.4039481E-02
  4 -0.3288332E-01
  5  0.1733653E-01
  6  0.2043178E+00
  7  0.3722602E+00
  8  0.1888483E+00
  9  0.9086651E-01
 10  0.1439875E+00
 11  0.4993981E+00
 12 -0.7411760E-01
 13  0.4483724E-01
 14  0.1391690E+00
 15  0.1825288E+00
 16  0.1525870E+00
 17 -0.3962251E-02
 18 -0.7710607E-01
 19  0.1836268E+00
 20  0.3467473E+00
 21  0.4020442E+00
 22  0.2379802E+00
  1  0.4474162E-01
  2 -0.5220561E-01
  3 -0.1322890E+00
  4 -0.1690361E+00
  5 -0.1463704E+00
  6 -0.1742821E-01
  7  0.2810073E-01
  8 -0.1984349E+00
  9 -0.3429260E+00
 10 -0.3891745E+00
 11 -0.2850426E+00
 12 -0.1691885E+00
 13 -0.8727367E-01
 14 -0.1943460E-01
 15  0.1102526E-01
 16 -0.3308989E-01
 17 -0.1918175E+00
 18 -0.3433013E+00
 19 -0.2041014E+00
 20 -0.1285697E+00
 21 -0.1776402E+00
 22 -0.5047492E+00
  1  0.1904039E+00
  2  0.8705056E-01
  3 -0.3751802E-02
  4 -0.4190120E-01
  5  0.1021162E-01
  6  0.2051630E+00
  7  0.3827458E+00
  8  0.1833565E+00
  9  0.7602508E-01
 10  0.1293532E+00
 11  0.4986830E+00
 12 -0.8329146E-01
 13  0.4095960E-01
 14  0.1407108E+00
 15  0.1857032E+00
 16  0.1511414E+00
 17 -0.1342692E-01
 18 -0.9429869E-01
 19  0.1805244E+00
 20  0.3505307E+00
 21  0.4035887E+00
 22  0.2184731E+00
  1  0.6109291E-01
  2 -0.4820283E-01
  3 -0.1340221E+00
  4 -0.1758827E+00
  5 -0.1481716E+00
  6 -0.4684379E-02
  7  0.5572097E-01
  8 -0.1940804E+00
  9 -0.3481991E+00
 10 -0.3927777E+00
 11 -0.2615059E+00
 12 -0.1782538E+00
 13 -0.8587064E-01
 14 -0.9028192E-02
 15  0.2346045E-01
 16 -0.2223634E-01
 17 -0.1956258E+00
 18 -0.3620112E+00
 19 -0.1968210E+00
 20 -0.1065969E+00
 21 -0.1563291E+00
 22 -0.5042422E+00
