           1  2.00000009E-03
           2  2.00000009E-03
           3  2.00000009E-03
           4  2.00000009E-03
           5  2.00000009E-03
           6  2.00000009E-03
           7  2.00000009E-03
           8  2.00000009E-03
           9  2.00000009E-03
          10  2.00000009E-03
          11  2.00000009E-03
          12  2.00000009E-03
          13  1.31219986E-03
          14  1.31219986E-03
          15  1.31219986E-03
          16  1.31219986E-03
          17  1.31219986E-03
          18  1.31219986E-03
          19  1.31219986E-03
          20  1.31219986E-03
          21  1.31219986E-03
          22  1.31219986E-03
          23  1.31219986E-03
          24  1.31219986E-03
          25  1.31219986E-03
          26  1.31219986E-03
          27  1.31219986E-03
          28  1.31219986E-03
          29  1.31219986E-03
          30  1.31219986E-03
          31  1.31219986E-03
          32  1.31219986E-03
          33  1.31219986E-03
          34  1.31219986E-03
          35  1.31219986E-03
          36  1.31219986E-03
          37  1.31219986E-03
          38  1.31219986E-03
          39  1.31219986E-03
          40  1.31219986E-03
          41  1.31219986E-03
          42  1.31219986E-03
          43  1.31219986E-03
          44  1.31219986E-03
          45  1.31219986E-03
          46  1.31219986E-03
          47  1.31219986E-03
          48  1.31219986E-03
          49  1.31219986E-03
          50  1.31219986E-03
          51  1.31219986E-03
          52  1.31219986E-03
          53  1.31219986E-03
          54  1.31219986E-03
          55  1.31219986E-03
          56  1.31219986E-03
          57  1.31219986E-03
          58  1.31219986E-03
          59  1.31219986E-03
          60  1.31219986E-03
          61  1.31219986E-03
          62  1.31219986E-03
          63  1.31219986E-03
          64  1.31219986E-03
          65  1.31219986E-03
          66  1.31219986E-03
          67  1.31219986E-03
          68  1.31219986E-03
          69  1.31219986E-03
          70  1.31219986E-03
          71  1.31219986E-03
          72  1.31219986E-03
          73  1.31219986E-03
          74  1.18097989E-03
          75  1.06288190E-03
          76  1.06288190E-03
          77  1.06288190E-03
          78  1.06288190E-03
          79  1.06288190E-03
          80  1.06288190E-03
          81  1.06288190E-03
          82  1.06288190E-03
          83  1.06288190E-03
          84  1.06288190E-03
          85  1.06288190E-03
          86  1.06288190E-03
          87  1.06288190E-03
          88  1.06288190E-03
          89  1.06288190E-03
          90  1.06288190E-03
          91  1.06288190E-03
          92  1.06288190E-03
          93  1.06288190E-03
          94  1.06288190E-03
          95  1.06288190E-03
          96  1.06288190E-03
          97  1.06288190E-03
          98  1.06288190E-03
          99  1.06288190E-03
         100  1.06288190E-03
         101  1.06288190E-03
         102  1.06288190E-03
         103  1.06288190E-03
         104  1.06288190E-03
         105  1.06288190E-03
         106  1.06288190E-03
         107  1.06288190E-03
         108  9.56593663E-04
         109  8.60934262E-04
         110  8.60934262E-04
         111  8.60934262E-04
         112  8.60934262E-04
         113  8.60934262E-04
         114  8.60934262E-04
         115  8.60934262E-04
         116  8.60934262E-04
         117  8.60934262E-04
         118  8.60934262E-04
         119  8.60934262E-04
         120  8.60934262E-04
         121  8.60934262E-04
         122  8.60934262E-04
         123  8.60934262E-04
         124  8.60934262E-04
         125  8.60934262E-04
         126  8.60934262E-04
         127  8.60934262E-04
         128  8.60934262E-04
         129  8.60934262E-04
         130  8.60934262E-04
         131  8.60934262E-04
         132  8.60934262E-04
         133  8.60934262E-04
         134  8.60934262E-04
         135  8.60934262E-04
         136  8.60934262E-04
         137  8.60934262E-04
         138  8.60934262E-04
         139  8.60934262E-04
         140  7.74840824E-04
         141  6.97356707E-04
         142  6.97356707E-04
         143  6.97356707E-04
         144  6.97356707E-04
         145  6.97356707E-04
         146  6.97356707E-04
         147  6.97356707E-04
         148  6.97356707E-04
         149  6.97356707E-04
         150  6.97356707E-04
         151  6.97356707E-04
         152  6.97356707E-04
         153  6.97356707E-04
         154  6.97356707E-04
         155  6.97356707E-04
         156  6.97356707E-04
         157  6.97356707E-04
         158  6.97356707E-04
         159  6.97356707E-04
         160  6.97356707E-04
         161  6.97356707E-04
         162  6.97356707E-04
         163  6.97356707E-04
         164  6.27621019E-04
         165  5.64858899E-04
         166  5.64858899E-04
         167  5.64858899E-04
         168  5.64858899E-04
         169  5.64858899E-04
         170  5.64858899E-04
         171  5.64858899E-04
         172  5.64858899E-04
         173  5.64858899E-04
         174  5.64858899E-04
         175  5.64858899E-04
         176  5.64858899E-04
         177  5.64858899E-04
         178  5.64858899E-04
         179  5.64858899E-04
         180  5.64858899E-04
         181  5.64858899E-04
         182  5.64858899E-04
         183  5.64858899E-04
         184  5.08373021E-04
         185  4.57535702E-04
         186  4.57535702E-04
         187  4.57535702E-04
         188  4.57535702E-04
         189  4.57535702E-04
         190  4.57535702E-04
         191  4.57535702E-04
         192  4.57535702E-04
         193  4.57535702E-04
         194  4.57535702E-04
         195  4.57535702E-04
         196  4.57535702E-04
         197  4.57535702E-04
         198  4.11782123E-04
         199  3.70603899E-04
         200  3.70603899E-04
         201  3.70603899E-04
         202  3.70603899E-04
         203  3.70603899E-04
         204  3.70603899E-04
         205  3.70603899E-04
         206  3.70603899E-04
         207  3.70603899E-04
         208  3.33543489E-04
         209  3.00189131E-04
         210  3.00189131E-04
         211  3.00189131E-04
         212  3.00189131E-04
         213  3.00189131E-04
         214  2.70170218E-04
         215  2.43153190E-04
         216  2.43153190E-04
         217  2.43153190E-04
         218  2.18837871E-04
         219  2.18837871E-04
         220  2.18837871E-04
         221  2.18837871E-04
         222  2.18837871E-04
         223  2.18837871E-04
         224  2.18837871E-04
         225  2.18837871E-04
         226  2.18837871E-04
         227  2.18837871E-04
         228  2.18837871E-04
         229  2.18837871E-04
         230  2.18837871E-04
         231  2.18837871E-04
         232  2.18837871E-04
         233  2.18837871E-04
         234  1.96954075E-04
         235  1.96954075E-04
         236  1.96954075E-04
         237  1.96954075E-04
         238  1.96954075E-04
         239  1.96954075E-04
         240  1.96954075E-04
         241  1.96954075E-04
         242  1.96954075E-04
         243  1.96954075E-04
         244  1.96954075E-04
         245  1.96954075E-04
         246  1.96954075E-04
         247  1.96954075E-04
         248  1.77258669E-04
         249  1.77258669E-04
         250  1.77258669E-04
         251  1.77258669E-04
         252  1.77258669E-04
         253  1.77258669E-04
         254  1.77258669E-04
         255  1.77258669E-04
         256  1.77258669E-04
         257  1.77258669E-04
         258  1.77258669E-04
         259  1.77258669E-04
         260  1.59532792E-04
         261  1.59532792E-04
         262  1.59532792E-04
         263  1.59532792E-04
         264  1.59532792E-04
         265  1.59532792E-04
         266  1.59532792E-04
         267  1.59532792E-04
         268  1.59532792E-04
         269  1.59532792E-04
         270  1.43579513E-04
         271  1.43579513E-04
         272  1.43579513E-04
         273  1.43579513E-04
         274  1.43579513E-04
         275  1.43579513E-04
         276  1.43579513E-04
         277  1.43579513E-04
         278  1.29221560E-04
         279  1.29221560E-04
         280  1.29221560E-04
         281  1.29221560E-04
         282  1.29221560E-04
         283  1.29221560E-04
         284  1.29221560E-04
         285  1.29221560E-04
         286  1.16299401E-04
         287  1.16299401E-04
         288  1.16299401E-04
         289  1.16299401E-04
         290  1.16299401E-04
         291  1.16299401E-04
         292  1.04669460E-04
         293  1.04669460E-04
         294  1.04669460E-04
         295  1.04669460E-04
         296  1.04669460E-04
         297  1.04669460E-04
         298  1.04669460E-04
         299  1.04669460E-04
         300  9.42025144E-05
         301  9.42025144E-05
         302  9.42025144E-05
         303  9.42025144E-05
         304  9.42025144E-05
         305  9.42025144E-05
         306  9.42025144E-05
         307  9.42025144E-05
         308  8.47822594E-05
         309  8.47822594E-05
         310  8.47822594E-05
         311  8.47822594E-05
         312  8.47822594E-05
         313  8.47822594E-05
         314  8.47822594E-05
         315  8.47822594E-05
         316  8.47822594E-05
         317  8.47822594E-05
         318  8.47822594E-05
         319  8.47822594E-05
         320  8.47822594E-05
         321  8.47822594E-05
         322  8.47822594E-05
         323  8.47822594E-05
         324  8.47822594E-05
         325  8.47822594E-05
         326  8.47822594E-05
         327  8.47822594E-05
         328  7.63040298E-05
         329  7.63040298E-05
         330  7.63040298E-05
         331  7.63040298E-05
         332  7.63040298E-05
         333  7.63040298E-05
         334  7.63040298E-05
         335  7.63040298E-05
         336  7.63040298E-05
         337  7.63040298E-05
         338  7.63040298E-05
         339  7.63040298E-05
         340  7.63040298E-05
         341  7.63040298E-05
         342  7.63040298E-05
         343  7.63040298E-05
         344  7.63040298E-05
         345  7.63040298E-05
         346  7.63040298E-05
         347  7.63040298E-05
         348  7.63040298E-05
         349  7.63040298E-05
         350  7.63040298E-05
         351  7.63040298E-05
         352  7.63040298E-05
         353  7.63040298E-05
         354  6.86736239E-05
         355  6.86736239E-05
         356  6.86736239E-05
         357  6.86736239E-05
         358  6.86736239E-05
         359  6.86736239E-05
         360  6.86736239E-05
         361  6.86736239E-05
         362  6.86736239E-05
         363  6.86736239E-05
         364  6.86736239E-05
         365  6.86736239E-05
         366  6.86736239E-05
         367  6.86736239E-05
         368  6.86736239E-05
         369  6.86736239E-05
         370  6.86736239E-05
         371  6.86736239E-05
         372  6.86736239E-05
         373  6.86736239E-05
         374  6.86736239E-05
         375  6.86736239E-05
         376  6.86736239E-05
         377  6.86736239E-05
         378  6.86736239E-05
         379  6.86736239E-05
         380  6.86736239E-05
         381  6.86736239E-05
         382  6.86736239E-05
         383  6.86736239E-05
         384  6.86736239E-05
         385  6.86736239E-05
         386  6.86736239E-05
         387  6.86736239E-05
         388  6.86736239E-05
         389  6.86736239E-05
         390  6.86736239E-05
         391  6.86736239E-05
         392  6.86736239E-05
         393  6.86736239E-05
         394  6.18062622E-05
         395  6.18062622E-05
         396  6.18062622E-05
         397  6.18062622E-05
         398  6.18062622E-05
         399  6.18062622E-05
         400  6.18062622E-05
         401  6.18062622E-05
         402  6.18062622E-05
         403  6.18062622E-05
         404  6.18062622E-05
         405  6.18062622E-05
         406  6.18062622E-05
         407  6.18062622E-05
         408  6.18062622E-05
         409  6.18062622E-05
         410  6.18062622E-05
         411  6.18062622E-05
         412  6.18062622E-05
         413  6.18062622E-05
         414  6.18062622E-05
         415  6.18062622E-05
         416  6.18062622E-05
         417  6.18062622E-05
         418  6.18062622E-05
         419  6.18062622E-05
         420  6.18062622E-05
         421  6.18062622E-05
         422  6.18062622E-05
         423  6.18062622E-05
         424  6.18062622E-05
         425  6.18062622E-05
         426  6.18062622E-05
         427  6.18062622E-05
         428  6.18062622E-05
         429  6.18062622E-05
         430  6.18062622E-05
         431  6.18062622E-05
         432  5.56256346E-05
         433  5.56256346E-05
         434  5.56256346E-05
         435  5.56256346E-05
         436  5.56256346E-05
         437  5.56256346E-05
         438  5.56256346E-05
         439  5.56256346E-05
         440  5.56256346E-05
         441  5.56256346E-05
         442  5.56256346E-05
         443  5.56256346E-05
         444  5.56256346E-05
         445  5.56256346E-05
         446  5.56256346E-05
         447  5.56256346E-05
         448  5.56256346E-05
         449  5.56256346E-05
         450  5.56256346E-05
         451  5.56256346E-05
         452  5.56256346E-05
         453  5.56256346E-05
         454  5.56256346E-05
         455  5.56256346E-05
         456  5.56256346E-05
         457  5.56256346E-05
         458  5.56256346E-05
         459  5.56256346E-05
         460  5.56256346E-05
         461  5.56256346E-05
         462  5.56256346E-05
         463  5.56256346E-05
         464  5.56256346E-05
         465  5.56256346E-05
         466  5.56256346E-05
         467  5.56256346E-05
         468  5.56256346E-05
         469  5.56256346E-05
         470  5.56256346E-05
         471  5.56256346E-05
         472  5.56256346E-05
         473  5.56256346E-05
         474  5.00630704E-05
         475  5.00630704E-05
         476  5.00630704E-05
         477  5.00630704E-05
         478  5.00630704E-05
         479  5.00630704E-05
         480  5.00630704E-05
         481  5.00630704E-05
         482  5.00630704E-05
         483  5.00630704E-05
         484  5.00630704E-05
         485  5.00630704E-05
         486  5.00630704E-05
         487  5.00630704E-05
         488  5.00630704E-05
         489  5.00630704E-05
         490  5.00630704E-05
         491  5.00630704E-05
         492  5.00630704E-05
         493  5.00630704E-05
         494  5.00630704E-05
         495  5.00630704E-05
         496  5.00630704E-05
         497  5.00630704E-05
         498  5.00630704E-05
         499  5.00630704E-05
         500  5.00630704E-05
         501  5.00630704E-05
         502  5.00630704E-05
         503  5.00630704E-05
         504  5.00630704E-05
         505  5.00630704E-05
         506  5.00630704E-05
         507  5.00630704E-05
         508  5.00630704E-05
         509  5.00630704E-05
         510  5.00630704E-05
         511  5.00630704E-05
         512  5.00630704E-05
         513  5.00630704E-05
         514  5.00630704E-05
         515  5.00630704E-05
         516  5.00630704E-05
         517  5.00630704E-05
         518  5.00630704E-05
         519  5.00630704E-05
         520  5.00630704E-05
         521  5.00630704E-05
         522  5.00630704E-05
         523  5.00630704E-05
         524  5.00630704E-05
         525  5.00630704E-05
         526  5.00630704E-05
         527  5.00630704E-05
         528  5.00630704E-05
         529  5.00630704E-05
         530  5.00630704E-05
         531  5.00630704E-05
         532  5.00630704E-05
         533  5.00630704E-05
         534  5.00630704E-05
         535  5.00630704E-05
         536  5.00630704E-05
         537  5.00630704E-05
         538  5.00630704E-05
         539  5.00630704E-05
         540  4.50567604E-05
         541  4.50567604E-05
         542  4.50567604E-05
         543  4.50567604E-05
         544  4.50567604E-05
         545  4.50567604E-05
         546  4.50567604E-05
         547  4.50567604E-05
         548  4.50567604E-05
         549  4.50567604E-05
         550  4.50567604E-05
         551  4.50567604E-05
         552  4.50567604E-05
         553  4.50567604E-05
         554  4.50567604E-05
         555  4.50567604E-05
         556  4.50567604E-05
         557  4.50567604E-05
         558  4.50567604E-05
         559  4.50567604E-05
         560  4.50567604E-05
         561  4.50567604E-05
         562  4.50567604E-05
         563  4.50567604E-05
         564  4.50567604E-05
         565  4.50567604E-05
         566  4.50567604E-05
         567  4.50567604E-05
         568  4.50567604E-05
         569  4.50567604E-05
         570  4.50567604E-05
         571  4.50567604E-05
         572  4.50567604E-05
         573  4.50567604E-05
         574  4.50567604E-05
         575  4.50567604E-05
         576  4.50567604E-05
         577  4.50567604E-05
         578  4.50567604E-05
         579  4.50567604E-05
         580  4.05510837E-05
         581  4.05510837E-05
         582  4.05510837E-05
         583  4.05510837E-05
         584  4.05510837E-05
         585  4.05510837E-05
         586  4.05510837E-05
         587  4.05510837E-05
         588  4.05510837E-05
         589  4.05510837E-05
         590  4.05510837E-05
         591  4.05510837E-05
         592  4.05510837E-05
         593  4.05510837E-05
         594  4.05510837E-05
         595  4.05510837E-05
         596  4.05510837E-05
         597  4.05510837E-05
         598  4.05510837E-05
         599  4.05510837E-05
         600  4.05510837E-05
         601  4.05510837E-05
         602  4.05510837E-05
         603  4.05510837E-05
         604  4.05510837E-05
         605  4.05510837E-05
         606  4.05510837E-05
         607  4.05510837E-05
         608  4.05510837E-05
         609  4.05510837E-05
         610  4.05510837E-05
         611  4.05510837E-05
         612  4.05510837E-05
         613  4.05510837E-05
