  1 -0.1306780E+00
  2 -0.2169492E+00
  3 -0.2683479E+00
  4 -0.2922415E+00
  5 -0.2924726E+00
  6 -0.2528329E+00
  7 -0.1322093E+00
  8 -0.4458019E-01
  9  0.2900746E-01
 10  0.1426393E+00
 11  0.2808292E+00
 12  0.1746515E+00
 13  0.2470835E+00
 14  0.2867809E+00
 15  0.3035960E+00
 16  0.3003890E+00
 17  0.2659788E+00
 18  0.1478976E+00
 19  0.5058970E-01
 20 -0.2854519E-01
 21 -0.1331916E+00
 22 -0.1988051E+00
  1 -0.9771708E-01
  2 -0.1917058E+00
  3 -0.2548940E+00
  4 -0.2897523E+00
  5 -0.3066274E+00
  6 -0.2797650E+00
  7 -0.1789633E+00
  8 -0.1137387E+00
  9 -0.5839666E-01
 10  0.3461874E-01
 11  0.1827666E+00
 12  0.1741718E+00
 13  0.2486650E+00
 14  0.2894528E+00
 15  0.3076905E+00
 16  0.3056092E+00
 17  0.2699573E+00
 18  0.1457820E+00
 19  0.4237501E-01
 20 -0.4316861E-01
 21 -0.1595577E+00
 22 -0.2494735E+00
  1 -0.3476422E-01
  2 -0.8978869E-01
  3 -0.1286861E+00
  4 -0.1501259E+00
  5 -0.1584207E+00
  6 -0.1311774E+00
  7 -0.1512678E-01
  8  0.7053815E-01
  9  0.1399250E+00
 10  0.2442271E+00
 11  0.3990147E+00
 12  0.1064914E+00
 13  0.1561087E+00
 14  0.1869285E+00
 15  0.2042539E+00
 16  0.2170593E+00
 17  0.2195223E+00
 18  0.2318086E+00
 19  0.2533051E+00
 20  0.2751696E+00
 21  0.3144161E+00
 22  0.4068565E+00
  1 -0.4389649E-01
  2 -0.1103914E+00
  3 -0.1581318E+00
  4 -0.1879434E+00
  5 -0.2112631E+00
  6 -0.2101717E+00
  7 -0.1947865E+00
  8 -0.2030628E+00
  9 -0.2171192E+00
 10 -0.2471396E+00
 11 -0.3180384E+00
 12  0.8523037E-01
 13  0.1279215E+00
 14  0.1486311E+00
 15  0.1517537E+00
 16  0.1268775E+00
 17  0.6295469E-01
 18 -0.1228058E+00
 19 -0.2319538E+00
 20 -0.2945668E+00
 21 -0.3525102E+00
 22 -0.4236557E+00
  1 -0.1539692E-01
  2 -0.6451794E-01
  3 -0.1002862E+00
  4 -0.1213155E+00
  5 -0.1303694E+00
  6 -0.1014267E+00
  7  0.3403992E-01
  8  0.1319573E+00
  9  0.1939223E+00
 10  0.2701173E+00
 11  0.3551908E+00
 12  0.1005318E+00
 13  0.1476438E+00
 14  0.1778498E+00
 15  0.1958611E+00
 16  0.2104597E+00
 17  0.2168290E+00
 18  0.2361564E+00
 19  0.2625548E+00
 20  0.2882866E+00
 21  0.3338281E+00
 22  0.4192613E+00
  1 -0.2674016E-01
  2 -0.9656944E-01
  3 -0.1498804E+00
  4 -0.1856967E+00
  5 -0.2176673E+00
  6 -0.2211842E+00
  7 -0.2002424E+00
  8 -0.2046061E+00
  9 -0.2173186E+00
 10 -0.2445171E+00
 11 -0.3119851E+00
 12  0.8709481E-01
 13  0.1322961E+00
 14  0.1553898E+00
 15  0.1591558E+00
 16  0.1353746E+00
 17  0.7016802E-01
 18 -0.1201514E+00
 19 -0.2318942E+00
 20 -0.2948491E+00
 21 -0.3517866E+00
 22 -0.4167540E+00
  1  0.7212846E-03
  2 -0.5414443E-01
  3 -0.9544038E-01
  4 -0.1197525E+00
  5 -0.1307641E+00
  6 -0.9934493E-01
  7  0.4631609E-01
  8  0.1386982E+00
  9  0.1937082E+00
 10  0.2483912E+00
 11  0.2905046E+00
 12  0.1128955E+00
 13  0.1632892E+00
 14  0.1953720E+00
 15  0.2132694E+00
 16  0.2271277E+00
 17  0.2314650E+00
 18  0.2474006E+00
 19  0.2721166E+00
 20  0.2963903E+00
 21  0.3395423E+00
 22  0.4183739E+00
  1 -0.2724918E-01
  2 -0.9049148E-01
  3 -0.1398417E+00
  4 -0.1730810E+00
  5 -0.2048907E+00
  6 -0.2127137E+00
  7 -0.2055660E+00
  8 -0.2178093E+00
  9 -0.2343149E+00
 10 -0.2681505E+00
 11 -0.3474687E+00
 12  0.4841180E-01
 13  0.7616089E-01
 14  0.8739558E-01
 15  0.8575554E-01
 16  0.6221618E-01
 17  0.1014718E-01
 18 -0.1450337E+00
 19 -0.2455496E+00
 20 -0.3033894E+00
 21 -0.3567564E+00
 22 -0.4351186E+00
  1  0.7971369E-03
  2 -0.4699603E-01
  3 -0.8291975E-01
  4 -0.1038205E+00
  5 -0.1098560E+00
  6 -0.7507102E-01
  7  0.7136565E-01
  8  0.1655154E+00
  9  0.2229706E+00
 10  0.2783935E+00
 11  0.3177335E+00
 12  0.1037679E+00
 13  0.1501683E+00
 14  0.1791981E+00
 15  0.1959555E+00
 16  0.2095068E+00
 17  0.2138692E+00
 18  0.2322822E+00
 19  0.2588680E+00
 20  0.2853487E+00
 21  0.3338427E+00
 22  0.4409831E+00
  1 -0.1204584E-01
  2 -0.7499874E-01
  3 -0.1268635E+00
  4 -0.1641784E+00
  5 -0.2039885E+00
  6 -0.2184857E+00
  7 -0.2127922E+00
  8 -0.2234059E+00
  9 -0.2403632E+00
 10 -0.2746644E+00
 11 -0.3546801E+00
 12  0.3611116E-01
 13  0.5913092E-01
 14  0.6763593E-01
 15  0.6514066E-01
 16  0.4216482E-01
 17 -0.4700601E-02
 18 -0.1441723E+00
 19 -0.2429551E+00
 20 -0.3024024E+00
 21 -0.3585548E+00
 22 -0.4386231E+00
  1  0.1909037E-01
  2 -0.2717500E-01
  3 -0.6456532E-01
  4 -0.8792569E-01
  5 -0.1009676E+00
  6 -0.7337163E-01
  7  0.7401600E-01
  8  0.1723890E+00
  9  0.2297374E+00
 10  0.2845256E+00
 11  0.3227751E+00
 12  0.8186007E-01
 13  0.1343285E+00
 14  0.1702497E+00
 15  0.1929743E+00
 16  0.2127863E+00
 17  0.2197541E+00
 18  0.2347806E+00
 19  0.2607786E+00
 20  0.2877904E+00
 21  0.3375353E+00
 22  0.4403243E+00
  1 -0.1325990E-01
  2 -0.7427220E-01
  3 -0.1242066E+00
  4 -0.1601510E+00
  5 -0.1987642E+00
  6 -0.2137109E+00
  7 -0.2112352E+00
  8 -0.2240251E+00
  9 -0.2421190E+00
 10 -0.2774339E+00
 11 -0.3594858E+00
 12  0.3304903E-01
 13  0.5231784E-01
 14  0.5819248E-01
 15  0.5281299E-01
 16  0.2563860E-01
 17 -0.2432100E-01
 18 -0.1640702E+00
 19 -0.2538179E+00
 20 -0.3052461E+00
 21 -0.3527719E+00
 22 -0.4338252E+00
  1  0.1982779E-01
  2 -0.2672859E-01
  3 -0.6384775E-01
  4 -0.8699913E-01
  5 -0.9756461E-01
  6 -0.6558826E-01
  7  0.9234309E-01
  8  0.1951118E+00
  9  0.2563356E+00
 10  0.3090756E+00
 11  0.3324806E+00
 12  0.7281268E-01
 13  0.1216868E+00
 14  0.1555261E+00
 15  0.1772694E+00
 16  0.1987852E+00
 17  0.2115984E+00
 18  0.2301843E+00
 19  0.2444407E+00
 20  0.2683005E+00
 21  0.3261833E+00
 22  0.4515786E+00
  1 -0.1408101E-01
  2 -0.7976781E-01
  3 -0.1344423E+00
  4 -0.1733217E+00
  5 -0.2143668E+00
  6 -0.2296089E+00
  7 -0.2235637E+00
  8 -0.2361057E+00
  9 -0.2539097E+00
 10 -0.2895638E+00
 11 -0.3745014E+00
 12  0.3452981E-01
 13  0.5610287E-01
 14  0.6224949E-01
 15  0.5657285E-01
 16  0.2771968E-01
 17 -0.3126758E-01
 18 -0.1801503E+00
 19 -0.2613280E+00
 20 -0.3006959E+00
 21 -0.3272729E+00
 22 -0.3753953E+00
  1  0.2217568E-01
  2 -0.3138945E-01
  3 -0.7359900E-01
  4 -0.9927026E-01
  5 -0.1093731E+00
  6 -0.6911336E-01
  7  0.1147882E+00
  8  0.2284549E+00
  9  0.2879504E+00
 10  0.3099139E+00
 11  0.2806764E+00
 12  0.6971953E-01
 13  0.1190415E+00
 14  0.1538053E+00
 15  0.1764861E+00
 16  0.2000964E+00
 17  0.2141090E+00
 18  0.2159881E+00
 19  0.2256464E+00
 20  0.2508630E+00
 21  0.3212695E+00
 22  0.4690131E+00
  1 -0.1543309E-01
  2 -0.7944098E-01
  3 -0.1319914E+00
  4 -0.1696665E+00
  5 -0.2103079E+00
  6 -0.2260774E+00
  7 -0.2238727E+00
  8 -0.2377563E+00
  9 -0.2571561E+00
 10 -0.2947870E+00
 11 -0.3772650E+00
 12  0.3099013E-01
 13  0.4874305E-01
 14  0.5165612E-01
 15  0.4337733E-01
 16  0.1060748E-01
 17 -0.4692791E-01
 18 -0.1901909E+00
 19 -0.2675334E+00
 20 -0.3036413E+00
 21 -0.3244312E+00
 22 -0.3667372E+00
  1  0.2367332E-01
  2 -0.3144757E-01
  3 -0.7453589E-01
  4 -0.1009828E+00
  5 -0.1120152E+00
  6 -0.7212318E-01
  7  0.1133556E+00
  8  0.2237211E+00
  9  0.2803783E+00
 10  0.3174554E+00
 11  0.2920706E+00
 12  0.5747172E-01
 13  0.1029109E+00
 14  0.1354411E+00
 15  0.1574853E+00
 16  0.1810658E+00
 17  0.2010582E+00
 18  0.2308664E+00
 19  0.2487348E+00
 20  0.2722535E+00
 21  0.3315914E+00
 22  0.4559175E+00
  1 -0.1380908E-02
  2 -0.6045581E-01
  3 -0.1121741E+00
  4 -0.1506504E+00
  5 -0.1968451E+00
  6 -0.2196218E+00
  7 -0.2246852E+00
  8 -0.2391025E+00
  9 -0.2607614E+00
 10 -0.3021311E+00
 11 -0.3920627E+00
 12  0.4471510E-02
 13  0.1192677E-01
 14  0.9666353E-02
 15 -0.6000372E-03
 16 -0.3347057E-01
 17 -0.8118585E-01
 18 -0.1940915E+00
 19 -0.2606217E+00
 20 -0.2940840E+00
 21 -0.3192938E+00
 22 -0.3891529E+00
  1  0.2260274E-01
  2 -0.2516242E-01
  3 -0.6252825E-01
  4 -0.8385586E-01
  5 -0.8960809E-01
  6 -0.4670728E-01
  7  0.1351064E+00
  8  0.2378624E+00
  9  0.2873655E+00
 10  0.3165894E+00
 11  0.3076352E+00
 12  0.5491530E-01
 13  0.9704158E-01
 14  0.1269172E+00
 15  0.1481032E+00
 16  0.1735301E+00
 17  0.1991175E+00
 18  0.2318362E+00
 19  0.2507931E+00
 20  0.2745387E+00
 21  0.3315131E+00
 22  0.4508551E+00
  1 -0.2788268E-02
  2 -0.6464993E-01
  3 -0.1177988E+00
  4 -0.1573103E+00
  5 -0.2008037E+00
  6 -0.2174805E+00
  7 -0.2007861E+00
  8 -0.2087501E+00
  9 -0.2317874E+00
 10 -0.2792981E+00
 11 -0.4133464E+00
 12  0.3237562E-02
 13  0.9488039E-02
 14  0.4889379E-02
 15 -0.7849436E-02
 16 -0.4182401E-01
 17 -0.9152830E-01
 18 -0.2083448E+00
 19 -0.2762411E+00
 20 -0.3085815E+00
 21 -0.3291257E+00
 22 -0.3866706E+00
  1  0.3514494E-01
  2 -0.7535805E-02
  3 -0.4198963E-01
  4 -0.6432679E-01
  5 -0.7460048E-01
  6 -0.4001818E-01
  7  0.1305276E+00
  8  0.2304512E+00
  9  0.2796887E+00
 10  0.3103768E+00
 11  0.3193879E+00
 12  0.5069501E-01
 13  0.9104989E-01
 14  0.1200944E+00
 15  0.1406152E+00
 16  0.1658099E+00
 17  0.1916735E+00
 18  0.2441494E+00
 19  0.2684802E+00
 20  0.2918718E+00
 21  0.3426731E+00
 22  0.4419676E+00
  1 -0.2520090E-02
  2 -0.6662633E-01
  3 -0.1215000E+00
  4 -0.1614022E+00
  5 -0.2042763E+00
  6 -0.2161874E+00
  7 -0.1898918E+00
  8 -0.1951183E+00
  9 -0.2160849E+00
 10 -0.2736370E+00
 11 -0.4229605E+00
 12  0.4756029E-02
 13  0.1213463E-01
 14  0.7662750E-02
 15 -0.5221849E-02
 16 -0.4072670E-01
 17 -0.9249800E-01
 18 -0.2126145E+00
 19 -0.2818448E+00
 20 -0.3138839E+00
 21 -0.3310494E+00
 22 -0.3852942E+00
  1  0.3608477E-01
  2 -0.3257653E-02
  3 -0.3527145E-01
  4 -0.5466790E-01
  5 -0.6185144E-01
  6 -0.2691850E-01
  7  0.1422245E+00
  8  0.2423368E+00
  9  0.2895530E+00
 10  0.3164979E+00
 11  0.3188719E+00
 12  0.5100139E-01
 13  0.9111317E-01
 14  0.1201946E+00
 15  0.1406330E+00
 16  0.1664129E+00
 17  0.1880778E+00
 18  0.2364018E+00
 19  0.2596055E+00
 20  0.2846555E+00
 21  0.3397763E+00
 22  0.4441926E+00
  1 -0.4293999E-02
  2 -0.6637511E-01
  3 -0.1186883E+00
  4 -0.1575738E+00
  5 -0.1989923E+00
  6 -0.2117412E+00
  7 -0.1853783E+00
  8 -0.1881109E+00
  9 -0.2113020E+00
 10 -0.2750156E+00
 11 -0.4257846E+00
 12  0.1126731E-02
 13  0.4923904E-02
 14 -0.2812392E-02
 15 -0.1814747E-01
 16 -0.5689549E-01
 17 -0.1114621E+00
 18 -0.2257233E+00
 19 -0.2844020E+00
 20 -0.3097402E+00
 21 -0.3256963E+00
 22 -0.3886202E+00
  1  0.3389994E-01
  2 -0.4268070E-02
  3 -0.3503444E-01
  4 -0.5343100E-01
  5 -0.5846243E-01
  6 -0.1912196E-01
  7  0.1530010E+00
  8  0.2486193E+00
  9  0.2911439E+00
 10  0.3128512E+00
 11  0.3205270E+00
 12  0.4960155E-01
 13  0.8870584E-01
 14  0.1169586E+00
 15  0.1363758E+00
 16  0.1616848E+00
 17  0.1853995E+00
 18  0.2299486E+00
 19  0.2551015E+00
 20  0.2835230E+00
 21  0.3360767E+00
 22  0.4538282E+00
  1 -0.4719199E-02
  2 -0.6549200E-01
  3 -0.1172634E+00
  4 -0.1555107E+00
  5 -0.1963143E+00
  6 -0.2090867E+00
  7 -0.1827816E+00
  8 -0.1862554E+00
  9 -0.2085012E+00
 10 -0.2727304E+00
 11 -0.4276817E+00
 12  0.1206017E-02
 13  0.4776004E-02
 14 -0.4251649E-02
 15 -0.2189621E-01
 16 -0.6241140E-01
 17 -0.1148513E+00
 18 -0.2223922E+00
 19 -0.2799228E+00
 20 -0.3049039E+00
 21 -0.3206171E+00
 22 -0.4067512E+00
  1  0.3340982E-01
  2 -0.4019476E-02
  3 -0.3443129E-01
  4 -0.5263520E-01
  5 -0.5733981E-01
  6 -0.1890980E-01
  7  0.1514196E+00
  8  0.2464794E+00
  9  0.2917649E+00
 10  0.3161184E+00
 11  0.3245934E+00
 12  0.4936730E-01
 13  0.8750664E-01
 14  0.1155599E+00
 15  0.1344780E+00
 16  0.1594087E+00
 17  0.1852530E+00
 18  0.2268762E+00
 19  0.2529778E+00
 20  0.2816747E+00
 21  0.3392761E+00
 22  0.4538561E+00
  1 -0.5238517E-02
  2 -0.6612133E-01
  3 -0.1176386E+00
  4 -0.1552957E+00
  5 -0.1943831E+00
  6 -0.2027877E+00
  7 -0.1684075E+00
  8 -0.1714009E+00
  9 -0.1980894E+00
 10 -0.2729033E+00
 11 -0.4359748E+00
 12 -0.5650336E-02
 13 -0.6496115E-02
 14 -0.1800934E-01
 15 -0.3532346E-01
 16 -0.7602713E-01
 17 -0.1277304E+00
 18 -0.2273330E+00
 19 -0.2804621E+00
 20 -0.3059329E+00
 21 -0.3239068E+00
 22 -0.4057304E+00
  1  0.3224922E-01
  2 -0.7241766E-03
  3 -0.2708654E-01
  4 -0.4201392E-01
  5 -0.4190101E-01
  6 -0.1440566E-03
  7  0.1658792E+00
  8  0.2517370E+00
  9  0.2893942E+00
 10  0.3138371E+00
 11  0.3263466E+00
 12  0.4826286E-01
 13  0.8484545E-01
 14  0.1105148E+00
 15  0.1273577E+00
 16  0.1501576E+00
 17  0.1773415E+00
 18  0.2368252E+00
 19  0.2633004E+00
 20  0.2916524E+00
 21  0.3390042E+00
 22  0.4446522E+00
  1  0.6858525E-02
  2 -0.4998384E-01
  3 -0.1005804E+00
  4 -0.1383490E+00
  5 -0.1818743E+00
  6 -0.1981569E+00
  7 -0.1813552E+00
  8 -0.1897710E+00
  9 -0.2179241E+00
 10 -0.2879644E+00
 11 -0.4315808E+00
 12 -0.1071751E-01
 13 -0.1383618E-01
 14 -0.2741283E-01
 15 -0.4666946E-01
 16 -0.8916508E-01
 17 -0.1417570E+00
 18 -0.2318071E+00
 19 -0.2735752E+00
 20 -0.2943635E+00
 21 -0.3132882E+00
 22 -0.4069590E+00
  1  0.3382071E-01
  2 -0.3080682E-02
  3 -0.3289817E-01
  4 -0.5007152E-01
  5 -0.5293095E-01
  6 -0.1180928E-01
  7  0.1615813E+00
  8  0.2539684E+00
  9  0.2959166E+00
 10  0.3164670E+00
 11  0.3358152E+00
 12  0.2788059E-01
 13  0.5773148E-01
 14  0.8074058E-01
 15  0.9830631E-01
 16  0.1261660E+00
 17  0.1630507E+00
 18  0.2443214E+00
 19  0.2748110E+00
 20  0.2976490E+00
 21  0.3382530E+00
 22  0.4474336E+00
  1  0.7069963E-02
  2 -0.4872508E-01
  3 -0.9859501E-01
  4 -0.1361406E+00
  5 -0.1778811E+00
  6 -0.1925166E+00
  7 -0.1739382E+00
  8 -0.1821188E+00
  9 -0.2107362E+00
 10 -0.2826875E+00
 11 -0.4292813E+00
 12 -0.1065407E-01
 13 -0.1402031E-01
 14 -0.2730159E-01
 15 -0.4693515E-01
 16 -0.8935493E-01
 17 -0.1420699E+00
 18 -0.2319589E+00
 19 -0.2736524E+00
 20 -0.2926238E+00
 21 -0.3190967E+00
 22 -0.4254665E+00
  1  0.3203822E-01
  2 -0.4237101E-02
  3 -0.3333596E-01
  4 -0.5066918E-01
  5 -0.5263421E-01
  6 -0.1148725E-01
  7  0.1611204E+00
  8  0.2543366E+00
  9  0.2956105E+00
 10  0.3193301E+00
 11  0.3453258E+00
 12  0.2791984E-01
 13  0.5811584E-01
 14  0.8057042E-01
 15  0.9804284E-01
 16  0.1259504E+00
 17  0.1620456E+00
 18  0.2427143E+00
 19  0.2731436E+00
 20  0.2958807E+00
 21  0.3367165E+00
 22  0.4430535E+00
  1  0.6925110E-02
  2 -0.4949772E-01
  3 -0.9949564E-01
  4 -0.1373897E+00
  5 -0.1801822E+00
  6 -0.1939074E+00
  7 -0.1665088E+00
  8 -0.1745507E+00
  9 -0.2065373E+00
 10 -0.2854172E+00
 11 -0.4332722E+00
 12 -0.1019794E-01
 13 -0.1367343E-01
 14 -0.2748915E-01
 15 -0.4681133E-01
 16 -0.8990138E-01
 17 -0.1432886E+00
 18 -0.2343024E+00
 19 -0.2759868E+00
 20 -0.2953866E+00
 21 -0.3191027E+00
 22 -0.4202671E+00
  1  0.3296706E-01
  2  0.3746701E-03
  3 -0.2518095E-01
  4 -0.3878616E-01
  5 -0.3697916E-01
  6  0.7036773E-02
  7  0.1749514E+00
  8  0.2604387E+00
  9  0.2968324E+00
 10  0.3148751E+00
 11  0.3466635E+00
 12  0.2815880E-01
 13  0.5679374E-01
 14  0.7930127E-01
 15  0.9604824E-01
 16  0.1232743E+00
 17  0.1590396E+00
 18  0.2396405E+00
 19  0.2712299E+00
 20  0.2953883E+00
 21  0.3376402E+00
 22  0.4440933E+00
  1  0.8589948E-02
  2 -0.4727304E-01
  3 -0.9642881E-01
  4 -0.1348504E+00
  5 -0.1776389E+00
  6 -0.1917768E+00
  7 -0.1642811E+00
  8 -0.1721999E+00
  9 -0.2044111E+00
 10 -0.2839259E+00
 11 -0.4340256E+00
 12 -0.9239315E-02
 13 -0.1244693E-01
 14 -0.2538197E-01
 15 -0.4479324E-01
 16 -0.8757738E-01
 17 -0.1406947E+00
 18 -0.2320114E+00
 19 -0.2743292E+00
 20 -0.2947429E+00
 21 -0.3235199E+00
 22 -0.4283425E+00
  1  0.4239974E-01
  2  0.1374872E-01
  3 -0.1029929E-01
  4 -0.2449662E-01
  5 -0.2687164E-01
  6  0.1110604E-01
  7  0.1714085E+00
  8  0.2572258E+00
  9  0.2979593E+00
 10  0.3176380E+00
 11  0.3533311E+00
 12  0.2634009E-01
 13  0.5449725E-01
 14  0.7696568E-01
 15  0.9419023E-01
 16  0.1212654E+00
 17  0.1573167E+00
 18  0.2357790E+00
 19  0.2681434E+00
 20  0.2926965E+00
 21  0.3374374E+00
 22  0.4488408E+00
  1  0.1148301E-01
  2 -0.4336053E-01
  3 -0.9218553E-01
  4 -0.1281191E+00
  5 -0.1679692E+00
  6 -0.1784963E+00
  7 -0.1569556E+00
  8 -0.1740004E+00
  9 -0.2128565E+00
 10 -0.2956696E+00
 11 -0.4346330E+00
 12 -0.2917489E-01
 13 -0.2820211E-01
 14 -0.3515958E-01
 15 -0.4887575E-01
 16 -0.8411571E-01
 17 -0.1345056E+00
 18 -0.2279642E+00
 19 -0.2706861E+00
 20 -0.2933984E+00
 21 -0.3255804E+00
 22 -0.4343877E+00
  1  0.4375032E-01
  2  0.1813606E-01
  3 -0.2421751E-02
  4 -0.1408658E-01
  5 -0.1176588E-01
  6  0.2797826E-01
  7  0.1826707E+00
  8  0.2596903E+00
  9  0.2944141E+00
 10  0.3204868E+00
 11  0.3617431E+00
 12  0.2662843E-01
 13  0.5419885E-01
 14  0.7588995E-01
 15  0.9275196E-01
 16  0.1195572E+00
 17  0.1549271E+00
 18  0.2300591E+00
 19  0.2626102E+00
 20  0.2880331E+00
 21  0.3358799E+00
 22  0.4489984E+00
  1  0.7218970E-02
  2 -0.4231426E-01
  3 -0.8691639E-01
  4 -0.1210306E+00
  5 -0.1603241E+00
  6 -0.1759540E+00
  7 -0.1646665E+00
  8 -0.1841578E+00
  9 -0.2214521E+00
 10 -0.2987173E+00
 11 -0.4309466E+00
 12 -0.3688708E-01
 13 -0.4322867E-01
 14 -0.5632647E-01
 15 -0.7412215E-01
 16 -0.1123975E+00
 17 -0.1598872E+00
 18 -0.2306812E+00
 19 -0.2604937E+00
 20 -0.2807550E+00
 21 -0.3168720E+00
 22 -0.4288105E+00
  1  0.4313250E-01
  2  0.1770065E-01
  3 -0.2688798E-02
  4 -0.1400986E-01
  5 -0.1203111E-01
  6  0.2787555E-01
  7  0.1826725E+00
  8  0.2591987E+00
  9  0.2939440E+00
 10  0.3191740E+00
 11  0.3621443E+00
 12  0.2662487E-01
 13  0.5412557E-01
 14  0.7525390E-01
 15  0.9254006E-01
 16  0.1191145E+00
 17  0.1544401E+00
 18  0.2322242E+00
 19  0.2648250E+00
 20  0.2902965E+00
 21  0.3349392E+00
 22  0.4475515E+00
  1  0.8834849E-02
  2 -0.3919594E-01
  3 -0.8161788E-01
  4 -0.1152673E+00
  5 -0.1541663E+00
  6 -0.1696621E+00
  7 -0.1600281E+00
  8 -0.1802529E+00
  9 -0.2179972E+00
 10 -0.2959198E+00
 11 -0.4326290E+00
 12 -0.3576098E-01
 13 -0.4131117E-01
 14 -0.5394391E-01
 15 -0.7090975E-01
 16 -0.1080894E+00
 17 -0.1541993E+00
 18 -0.2260622E+00
 19 -0.2603788E+00
 20 -0.2851824E+00
 21 -0.3271973E+00
 22 -0.4380106E+00
  1  0.4309417E-01
  2  0.1790847E-01
  3 -0.2673121E-02
  4 -0.1392761E-01
  5 -0.1162555E-01
  6  0.2812181E-01
  7  0.1825144E+00
  8  0.2593576E+00
  9  0.2940829E+00
 10  0.3193479E+00
 11  0.3607236E+00
 12  0.2659071E-01
 13  0.5437027E-01
 14  0.7573722E-01
 15  0.9238838E-01
 16  0.1195267E+00
 17  0.1547384E+00
 18  0.2330515E+00
 19  0.2655432E+00
 20  0.2909811E+00
 21  0.3346697E+00
 22  0.4470597E+00
  1  0.8923059E-02
  2 -0.4000292E-01
  3 -0.8365274E-01
  4 -0.1161506E+00
  5 -0.1522389E+00
  6 -0.1634926E+00
  7 -0.1470570E+00
  8 -0.1701302E+00
  9 -0.2134029E+00
 10 -0.2992959E+00
 11 -0.4361513E+00
 12 -0.3657851E-01
 13 -0.4264287E-01
 14 -0.5503936E-01
 15 -0.7291188E-01
 16 -0.1112441E+00
 17 -0.1584390E+00
 18 -0.2305023E+00
 19 -0.2639657E+00
 20 -0.2869144E+00
 21 -0.3278112E+00
 22 -0.4363927E+00
  1  0.4286934E-01
  2  0.1776344E-01
  3 -0.2607939E-02
  4 -0.1380124E-01
  5 -0.1196563E-01
  6  0.2781442E-01
  7  0.1819702E+00
  8  0.2589296E+00
  9  0.2932351E+00
 10  0.3191277E+00
 11  0.3629490E+00
 12  0.2662181E-01
 13  0.5406264E-01
 14  0.7578828E-01
 15  0.9237349E-01
 16  0.1190923E+00
 17  0.1540696E+00
 18  0.2348690E+00
 19  0.2680142E+00
 20  0.2910151E+00
 21  0.3334211E+00
 22  0.4453433E+00
  1  0.8239172E-02
  2 -0.3946072E-01
  3 -0.8165805E-01
  4 -0.1134005E+00
  5 -0.1495010E+00
  6 -0.1647321E+00
  7 -0.1592552E+00
  8 -0.1852089E+00
  9 -0.2269147E+00
 10 -0.3051502E+00
 11 -0.4303518E+00
 12 -0.3564928E-01
 13 -0.4119219E-01
 14 -0.5374904E-01
 15 -0.7099408E-01
 16 -0.1084188E+00
 17 -0.1542515E+00
 18 -0.2244129E+00
 19 -0.2589507E+00
 20 -0.2828318E+00
 21 -0.3254400E+00
 22 -0.4360268E+00
  1  0.4398568E-01
  2  0.2236267E-01
  3  0.4942600E-02
  4 -0.3743242E-02
  5  0.2008147E-02
  6  0.4386817E-01
  7  0.1913581E+00
  8  0.2596870E+00
  9  0.2897020E+00
 10  0.3156179E+00
 11  0.3684380E+00
 12  0.2658981E-01
 13  0.5367733E-01
 14  0.7484064E-01
 15  0.9117197E-01
 16  0.1175578E+00
 17  0.1526261E+00
 18  0.2320914E+00
 19  0.2652725E+00
 20  0.2899578E+00
 21  0.3331209E+00
 22  0.4453732E+00
  1  0.9468175E-02
  2 -0.3825231E-01
  3 -0.7989533E-01
  4 -0.1110714E+00
  5 -0.1469981E+00
  6 -0.1628239E+00
  7 -0.1572550E+00
  8 -0.1835809E+00
  9 -0.2256440E+00
 10 -0.3059558E+00
 11 -0.4309918E+00
 12 -0.3603361E-01
 13 -0.4197103E-01
 14 -0.5428814E-01
 15 -0.7137065E-01
 16 -0.1088379E+00
 17 -0.1551542E+00
 18 -0.2268050E+00
 19 -0.2592010E+00
 20 -0.2830538E+00
 21 -0.3258394E+00
 22 -0.4369918E+00
  1  0.4385197E-01
  2  0.2211990E-01
  3  0.4740473E-02
  4 -0.3992524E-02
  5  0.1928739E-02
  6  0.4361997E-01
  7  0.1914542E+00
  8  0.2602793E+00
  9  0.2900241E+00
 10  0.3141524E+00
 11  0.3683060E+00
 12  0.2665261E-01
 13  0.5350951E-01
 14  0.7468756E-01
 15  0.9112511E-01
 16  0.1179335E+00
 17  0.1525158E+00
 18  0.2320304E+00
 19  0.2650683E+00
 20  0.2902111E+00
 21  0.3335091E+00
 22  0.4456598E+00
  1  0.8964395E-02
  2 -0.3866360E-01
  3 -0.8069813E-01
  4 -0.1119509E+00
  5 -0.1473253E+00
  6 -0.1584193E+00
  7 -0.1483473E+00
  8 -0.1782770E+00
  9 -0.2251468E+00
 10 -0.3087253E+00
 11 -0.4327402E+00
 12 -0.3490985E-01
 13 -0.4073745E-01
 14 -0.5361541E-01
 15 -0.7102387E-01
 16 -0.1091560E+00
 17 -0.1563492E+00
 18 -0.2289303E+00
 19 -0.2622123E+00
 20 -0.2863069E+00
 21 -0.3270815E+00
 22 -0.4338737E+00
  1  0.4372049E-01
  2  0.2179929E-01
  3  0.4499870E-02
  4 -0.4287415E-02
  5  0.1765816E-02
  6  0.4351500E-01
  7  0.1925436E+00
  8  0.2614278E+00
  9  0.2903008E+00
 10  0.3106652E+00
 11  0.3619087E+00
 12  0.2657779E-01
 13  0.5361184E-01
 14  0.7483647E-01
 15  0.9157515E-01
 16  0.1179927E+00
 17  0.1533613E+00
 18  0.2337738E+00
 19  0.2676622E+00
 20  0.2912168E+00
 21  0.3351776E+00
 22  0.4472599E+00
  1  0.8508656E-02
  2 -0.3902169E-01
  3 -0.8084884E-01
  4 -0.1119746E+00
  5 -0.1465741E+00
  6 -0.1576667E+00
  7 -0.1475117E+00
  8 -0.1776076E+00
  9 -0.2242372E+00
 10 -0.3085375E+00
 11 -0.4333397E+00
 12 -0.3537091E-01
 13 -0.4104458E-01
 14 -0.5358054E-01
 15 -0.7071228E-01
 16 -0.1086635E+00
 17 -0.1556696E+00
 18 -0.2277034E+00
 19 -0.2619522E+00
 20 -0.2880724E+00
 21 -0.3282311E+00
 22 -0.4340337E+00
  1  0.4594513E-01
  2  0.2705262E-01
  3  0.1321401E-01
  4  0.6558313E-02
  5  0.1572585E-01
  6  0.5908862E-01
  7  0.2002586E+00
  8  0.2616609E+00
  9  0.2867121E+00
 10  0.3008227E+00
 11  0.3653044E+00
 12  0.2699218E-01
 13  0.5374593E-01
 14  0.7473388E-01
 15  0.9114477E-01
 16  0.1174687E+00
 17  0.1525471E+00
 18  0.2326136E+00
 19  0.2675375E+00
 20  0.2913060E+00
 21  0.3352497E+00
 22  0.4482958E+00
  1  0.2272472E-01
  2 -0.2321075E-01
  3 -0.6689212E-01
  4 -0.1007993E+00
  5 -0.1406499E+00
  6 -0.1580359E+00
  7 -0.1506805E+00
  8 -0.1789314E+00
  9 -0.2257394E+00
 10 -0.3102319E+00
 11 -0.4343683E+00
 12 -0.3601972E-01
 13 -0.4076520E-01
 14 -0.5285086E-01
 15 -0.6975090E-01
 16 -0.1074009E+00
 17 -0.1544654E+00
 18 -0.2283379E+00
 19 -0.2649432E+00
 20 -0.2897383E+00
 21 -0.3291794E+00
 22 -0.4339358E+00
  1  0.4550337E-01
  2  0.2691687E-01
  3  0.1249724E-01
  4  0.6404626E-02
  5  0.1554019E-01
  6  0.5902052E-01
  7  0.1997109E+00
  8  0.2609860E+00
  9  0.2835649E+00
 10  0.3026144E+00
 11  0.3712838E+00
 12  0.2677597E-01
 13  0.5324327E-01
 14  0.7404070E-01
 15  0.9056725E-01
 16  0.1170547E+00
 17  0.1520604E+00
 18  0.2319119E+00
 19  0.2668673E+00
 20  0.2906472E+00
 21  0.3345134E+00
 22  0.4472267E+00
  1  0.2240784E-01
  2 -0.2313811E-01
  3 -0.6473203E-01
  4 -0.9674659E-01
  5 -0.1335840E+00
  6 -0.1476661E+00
  7 -0.1476270E+00
  8 -0.1843746E+00
  9 -0.2346302E+00
 10 -0.3170643E+00
 11 -0.4321066E+00
 12 -0.3577913E-01
 13 -0.4055125E-01
 14 -0.5298139E-01
 15 -0.7000791E-01
 16 -0.1084582E+00
 17 -0.1564019E+00
 18 -0.2295340E+00
 19 -0.2639267E+00
 20 -0.2881154E+00
 21 -0.3269756E+00
 22 -0.4342271E+00
  1  0.4547984E-01
  2  0.2674496E-01
  3  0.1250779E-01
  4  0.6451635E-02
  5  0.1529959E-01
  6  0.5893610E-01
  7  0.1996689E+00
  8  0.2607667E+00
  9  0.2829737E+00
 10  0.3030727E+00
 11  0.3736217E+00
 12  0.2670474E-01
 13  0.5321174E-01
 14  0.7410163E-01
 15  0.9052398E-01
 16  0.1167562E+00
 17  0.1516184E+00
 18  0.2315953E+00
 19  0.2668128E+00
 20  0.2900856E+00
 21  0.3341478E+00
 22  0.4465905E+00
  1  0.2077117E-01
  2 -0.2433904E-01
  3 -0.6594913E-01
  4 -0.9844761E-01
  5 -0.1369490E+00
  6 -0.1541222E+00
  7 -0.1540544E+00
  8 -0.1894020E+00
  9 -0.2377677E+00
 10 -0.3175442E+00
 11 -0.4281594E+00
 12 -0.3581042E-01
 13 -0.4065038E-01
 14 -0.5311910E-01
 15 -0.7003637E-01
 16 -0.1077738E+00
 17 -0.1545512E+00
 18 -0.2276888E+00
 19 -0.2630965E+00
 20 -0.2879248E+00
 21 -0.3271036E+00
 22 -0.4301278E+00
  1  0.4548308E-01
  2  0.2688389E-01
  3  0.1241522E-01
  4  0.6464292E-02
  5  0.1559333E-01
  6  0.5930329E-01
  7  0.2012576E+00
  8  0.2624860E+00
  9  0.2794506E+00
 10  0.2955100E+00
 11  0.3711024E+00
 12  0.2699197E-01
 13  0.5370361E-01
 14  0.7454875E-01
 15  0.9100669E-01
 16  0.1178501E+00
 17  0.1530794E+00
 18  0.2334677E+00
 19  0.2685417E+00
 20  0.2920651E+00
 21  0.3365383E+00
 22  0.4480592E+00
  1  0.2043764E-01
  2 -0.2459661E-01
  3 -0.6604723E-01
  4 -0.9851055E-01
  5 -0.1370469E+00
  6 -0.1542694E+00
  7 -0.1538144E+00
  8 -0.1893236E+00
  9 -0.2380543E+00
 10 -0.3176351E+00
 11 -0.4281827E+00
 12 -0.3593415E-01
 13 -0.4081511E-01
 14 -0.5294609E-01
 15 -0.6990913E-01
 16 -0.1075392E+00
 17 -0.1545815E+00
 18 -0.2278825E+00
 19 -0.2630420E+00
 20 -0.2877589E+00
 21 -0.3272091E+00
 22 -0.4299124E+00
  1  0.4599822E-01
  2  0.2694061E-01
  3  0.1266006E-01
  4  0.6471822E-02
  5  0.1595843E-01
  6  0.5936724E-01
  7  0.2014097E+00
  8  0.2606048E+00
  9  0.2778360E+00
 10  0.2938147E+00
 11  0.3739714E+00
 12  0.2718368E-01
 13  0.5410403E-01
 14  0.7483952E-01
 15  0.9167571E-01
 16  0.1180525E+00
 17  0.1531597E+00
 18  0.2333637E+00
 19  0.2689030E+00
 20  0.2923360E+00
 21  0.3366225E+00
 22  0.4480108E+00
  1  0.2364156E-01
  2 -0.2203861E-01
  3 -0.6418242E-01
  4 -0.9726313E-01
  5 -0.1360643E+00
  6 -0.1531953E+00
  7 -0.1529560E+00
  8 -0.1888286E+00
  9 -0.2377640E+00
 10 -0.3180366E+00
 11 -0.4298706E+00
 12 -0.3493435E-01
 13 -0.3967861E-01
 14 -0.5135885E-01
 15 -0.6800365E-01
 16 -0.1058818E+00
 17 -0.1533283E+00
 18 -0.2275196E+00
 19 -0.2629667E+00
 20 -0.2881581E+00
 21 -0.3274112E+00
 22 -0.4312153E+00
  1  0.4803399E-01
  2  0.3226018E-01
  3  0.2060141E-01
  4  0.1696356E-01
  5  0.2896225E-01
  6  0.7375716E-01
  7  0.2074914E+00
  8  0.2560386E+00
  9  0.2742344E+00
 10  0.2919072E+00
 11  0.3768394E+00
 12  0.2707305E-01
 13  0.5327995E-01
 14  0.7417225E-01
 15  0.9080569E-01
 16  0.1175094E+00
 17  0.1518418E+00
 18  0.2323648E+00
 19  0.2682137E+00
 20  0.2924040E+00
 21  0.3372741E+00
 22  0.4463867E+00
  1  0.2437488E-01
  2 -0.2015630E-01
  3 -0.6111034E-01
  4 -0.9278116E-01
  5 -0.1289814E+00
  6 -0.1424045E+00
  7 -0.1412003E+00
  8 -0.1840748E+00
  9 -0.2391130E+00
 10 -0.3241221E+00
 11 -0.4320461E+00
 12 -0.3609795E-01
 13 -0.4106817E-01
 14 -0.5323593E-01
 15 -0.7058640E-01
 16 -0.1091518E+00
 17 -0.1569649E+00
 18 -0.2306641E+00
 19 -0.2655146E+00
 20 -0.2897045E+00
 21 -0.3276363E+00
 22 -0.4297558E+00
  1  0.4792293E-01
  2  0.3238240E-01
  3  0.2085402E-01
  4  0.1706476E-01
  5  0.2929461E-01
  6  0.7402487E-01
  7  0.2068651E+00
  8  0.2550798E+00
  9  0.2722888E+00
 10  0.2896584E+00
 11  0.3792959E+00
 12  0.2746554E-01
 13  0.5366910E-01
 14  0.7472962E-01
 15  0.9097490E-01
 16  0.1174735E+00
 17  0.1523405E+00
 18  0.2329835E+00
 19  0.2689814E+00
 20  0.2933526E+00
 21  0.3378829E+00
 22  0.4454964E+00
  1  0.2338694E-01
  2 -0.2012766E-01
  3 -0.6102934E-01
  4 -0.9239213E-01
  5 -0.1281229E+00
  6 -0.1417280E+00
  7 -0.1400866E+00
  8 -0.1830528E+00
  9 -0.2379866E+00
 10 -0.3239072E+00
 11 -0.4348052E+00
 12 -0.3603235E-01
 13 -0.4102313E-01
 14 -0.5297906E-01
 15 -0.7014124E-01
 16 -0.1086729E+00
 17 -0.1562851E+00
 18 -0.2296621E+00
 19 -0.2640648E+00
 20 -0.2882588E+00
 21 -0.3274994E+00
 22 -0.4321766E+00
  1  0.4821531E-01
  2  0.3270587E-01
  3  0.2087075E-01
  4  0.1693891E-01
  5  0.2953002E-01
  6  0.7435492E-01
  7  0.2079812E+00
  8  0.2516770E+00
  9  0.2653543E+00
 10  0.2861788E+00
 11  0.3803051E+00
 12  0.2745351E-01
 13  0.5413123E-01
 14  0.7507130E-01
 15  0.9159425E-01
 16  0.1185196E+00
 17  0.1536783E+00
 18  0.2348999E+00
 19  0.2709433E+00
 20  0.2953036E+00
 21  0.3396365E+00
 22  0.4465686E+00
  1  0.1587770E-01
  2 -0.1692619E-01
  3 -0.5228579E-01
  4 -0.8254940E-01
  5 -0.1204685E+00
  6 -0.1381580E+00
  7 -0.1420937E+00
  8 -0.1857179E+00
  9 -0.2409140E+00
 10 -0.3254833E+00
 11 -0.4352356E+00
 12 -0.3110395E-01
 13 -0.3652373E-01
 14 -0.4949881E-01
 15 -0.6752360E-01
 16 -0.1070463E+00
 17 -0.1559823E+00
 18 -0.2300474E+00
 19 -0.2659236E+00
 20 -0.2903742E+00
 21 -0.3290527E+00
 22 -0.4323099E+00
  1  0.4778377E-01
  2  0.3231524E-01
  3  0.2055798E-01
  4  0.1694844E-01
  5  0.2925698E-01
  6  0.7382169E-01
  7  0.2079030E+00
  8  0.2533636E+00
  9  0.2671028E+00
 10  0.2878249E+00
 11  0.3838387E+00
 12  0.2709125E-01
 13  0.5368373E-01
 14  0.7434672E-01
 15  0.9088826E-01
 16  0.1175365E+00
 17  0.1525983E+00
 18  0.2332748E+00
 19  0.2688190E+00
 20  0.2932654E+00
 21  0.3380697E+00
 22  0.4463625E+00
  1  0.1626341E-01
  2 -0.1683860E-01
  3 -0.5204060E-01
  4 -0.8217791E-01
  5 -0.1206496E+00
  6 -0.1381367E+00
  7 -0.1418735E+00
  8 -0.1854098E+00
  9 -0.2407047E+00
 10 -0.3258550E+00
 11 -0.4352055E+00
 12 -0.3046543E-01
 13 -0.3612462E-01
 14 -0.4914538E-01
 15 -0.6717295E-01
 16 -0.1069610E+00
 17 -0.1557088E+00
 18 -0.2304131E+00
 19 -0.2657464E+00
 20 -0.2904677E+00
 21 -0.3292598E+00
 22 -0.4324145E+00
  1  0.4846689E-01
  2  0.3298039E-01
  3  0.2143298E-01
  4  0.1767818E-01
  5  0.3054520E-01
  6  0.7521451E-01
  7  0.2061653E+00
  8  0.2539642E+00
  9  0.2677197E+00
 10  0.2882017E+00
 11  0.3847142E+00
 12  0.2694836E-01
 13  0.5324843E-01
 14  0.7415159E-01
 15  0.9078658E-01
 16  0.1176329E+00
 17  0.1521896E+00
 18  0.2328142E+00
 19  0.2685951E+00
 20  0.2931477E+00
 21  0.3371391E+00
 22  0.4463345E+00
  1  0.1518252E-01
  2 -0.1710734E-01
  3 -0.5206086E-01
  4 -0.8196744E-01
  5 -0.1196718E+00
  6 -0.1391700E+00
  7 -0.1519844E+00
  8 -0.1950312E+00
  9 -0.2457773E+00
 10 -0.3228380E+00
 11 -0.4334275E+00
 12 -0.3016423E-01
 13 -0.3573406E-01
 14 -0.4896904E-01
 15 -0.6640981E-01
 16 -0.1086913E+00
 17 -0.1588804E+00
 18 -0.2263852E+00
 19 -0.2610962E+00
 20 -0.2855163E+00
 21 -0.3250015E+00
 22 -0.4360192E+00
  1  0.4819089E-01
  2  0.3253334E-01
  3  0.2131112E-01
  4  0.1747675E-01
  5  0.3034834E-01
  6  0.7512944E-01
  7  0.2045639E+00
  8  0.2530193E+00
  9  0.2720540E+00
 10  0.2933455E+00
 11  0.3908867E+00
 12  0.2713779E-01
 13  0.5344600E-01
 14  0.7372830E-01
 15  0.9018931E-01
 16  0.1164420E+00
 17  0.1511701E+00
 18  0.2313359E+00
 19  0.2655643E+00
 20  0.2910102E+00
 21  0.3334986E+00
 22  0.4439016E+00
  1  0.1607460E-01
  2 -0.1627018E-01
  3 -0.5148225E-01
  4 -0.8232879E-01
  5 -0.1220872E+00
  6 -0.1438964E+00
  7 -0.1567125E+00
  8 -0.1997885E+00
  9 -0.2498980E+00
 10 -0.3248316E+00
 11 -0.4326155E+00
 12 -0.2800507E-01
 13 -0.3309020E-01
 14 -0.4761859E-01
 15 -0.6733174E-01
 16 -0.1098209E+00
 17 -0.1604323E+00
 18 -0.2262326E+00
 19 -0.2558946E+00
 20 -0.2810803E+00
 21 -0.3218351E+00
 22 -0.4348739E+00
  1  0.4837393E-01
  2  0.3297610E-01
  3  0.2124191E-01
  4  0.1743027E-01
  5  0.3020699E-01
  6  0.7526916E-01
  7  0.2041841E+00
  8  0.2528014E+00
  9  0.2694917E+00
 10  0.2909671E+00
 11  0.3948515E+00
 12  0.2683933E-01
 13  0.5317219E-01
 14  0.7426282E-01
 15  0.9064727E-01
 16  0.1173419E+00
 17  0.1520216E+00
 18  0.2299151E+00
 19  0.2643383E+00
 20  0.2896385E+00
 21  0.3341810E+00
 22  0.4449520E+00
  1  0.2173485E-01
  2 -0.1150123E-01
  3 -0.4688090E-01
  4 -0.7706795E-01
  5 -0.1136647E+00
  6 -0.1282402E+00
  7 -0.1317272E+00
  8 -0.1840913E+00
  9 -0.2466427E+00
 10 -0.3360963E+00
 11 -0.4311046E+00
 12 -0.3283179E-01
 13 -0.3893406E-01
 14 -0.5252413E-01
 15 -0.7131944E-01
 16 -0.1127929E+00
 17 -0.1637125E+00
 18 -0.2366028E+00
 19 -0.2672531E+00
 20 -0.2879941E+00
 21 -0.3263301E+00
 22 -0.4291927E+00
  1  0.7022038E-01
  2  0.4271048E-01
  3  0.2079710E-01
  4  0.1015216E-01
  5  0.1816729E-01
  6  0.6951138E-01
  7  0.2173840E+00
  8  0.2501636E+00
  9  0.2398857E+00
 10  0.2351138E+00
 11  0.3651912E+00
 12  0.3218120E-01
 13  0.6549879E-01
 14  0.8829214E-01
 15  0.1048101E+00
 16  0.1247474E+00
 17  0.1403854E+00
 18  0.1870381E+00
 19  0.2244236E+00
 20  0.2710562E+00
 21  0.3683591E+00
 22  0.5269118E+00
  1  0.2158980E-01
  2 -0.1071711E-01
  3 -0.4634553E-01
  4 -0.7621807E-01
  5 -0.1124057E+00
  6 -0.1264401E+00
  7 -0.1294925E+00
  8 -0.1828384E+00
  9 -0.2457999E+00
 10 -0.3363972E+00
 11 -0.4354748E+00
 12 -0.2725738E-01
 13 -0.2975902E-01
 14 -0.4322163E-01
 15 -0.6256205E-01
 16 -0.1042659E+00
 17 -0.1558291E+00
 18 -0.2326694E+00
 19 -0.2676924E+00
 20 -0.2919731E+00
 21 -0.3297668E+00
 22 -0.4325148E+00
  1  0.6297079E-01
  2  0.3912559E-01
  3  0.2038747E-01
  4  0.1123196E-01
  5  0.2176420E-01
  6  0.6894572E-01
  7  0.2017028E+00
  8  0.2342401E+00
  9  0.2363483E+00
 10  0.2507382E+00
 11  0.3920510E+00
 12  0.3006550E-01
 13  0.6068078E-01
 14  0.8232231E-01
 15  0.9758451E-01
 16  0.1186808E+00
 17  0.1459019E+00
 18  0.2123259E+00
 19  0.2486481E+00
 20  0.2855745E+00
 21  0.3587140E+00
 22  0.4973461E+00
  1  0.2094929E-01
  2 -0.1151484E-01
  3 -0.4620055E-01
  4 -0.7571642E-01
  5 -0.1115482E+00
  6 -0.1264390E+00
  7 -0.1313639E+00
  8 -0.1844077E+00
  9 -0.2470895E+00
 10 -0.3363181E+00
 11 -0.4339015E+00
 12 -0.2787564E-01
 13 -0.3348564E-01
 14 -0.4657843E-01
 15 -0.6554283E-01
 16 -0.1067438E+00
 17 -0.1571633E+00
 18 -0.2333323E+00
 19 -0.2680554E+00
 20 -0.2921938E+00
 21 -0.3291925E+00
 22 -0.4300397E+00
  1  0.7335199E-01
  2  0.4215462E-01
  3  0.1690221E-01
  4  0.4308727E-02
  5  0.1169356E-01
  6  0.6499633E-01
  7  0.2176016E+00
  8  0.2433285E+00
  9  0.2321586E+00
 10  0.2269936E+00
 11  0.3683362E+00
 12  0.3271360E-01
 13  0.6454364E-01
 14  0.8503464E-01
 15  0.9798809E-01
 16  0.1121687E+00
 17  0.1292018E+00
 18  0.1799466E+00
 19  0.2209613E+00
 20  0.2704571E+00
 21  0.3759774E+00
 22  0.5417270E+00
  1  0.2731446E-01
  2 -0.5682188E-02
  3 -0.4124349E-01
  4 -0.7130379E-01
  5 -0.1077200E+00
  6 -0.1233913E+00
  7 -0.1240139E+00
  8 -0.1849476E+00
  9 -0.2530363E+00
 10 -0.3429942E+00
 11 -0.4220662E+00
 12 -0.2824833E-01
 13 -0.2969327E-01
 14 -0.4004479E-01
 15 -0.5660351E-01
 16 -0.9595603E-01
 17 -0.1468309E+00
 18 -0.2318965E+00
 19 -0.2746081E+00
 20 -0.3009376E+00
 21 -0.3355883E+00
 22 -0.4319578E+00
  1  0.8573502E-01
  2  0.4861171E-01
  3  0.1690758E-01
  4  0.2896236E-03
  5  0.3153679E-02
  6  0.5663750E-01
  7  0.2063729E+00
  8  0.2200110E+00
  9  0.2011790E+00
 10  0.1958950E+00
 11  0.3719153E+00
 12  0.3503802E-01
 13  0.7055230E-01
 14  0.9406331E-01
 15  0.1077400E+00
 16  0.1226009E+00
 17  0.1403902E+00
 18  0.1688763E+00
 19  0.2070616E+00
 20  0.2587690E+00
 21  0.3800891E+00
 22  0.5782689E+00
  1  0.3614170E-01
  2  0.3053916E-03
  3 -0.3892910E-01
  4 -0.7106185E-01
  5 -0.1058709E+00
  6 -0.1101298E+00
  7 -0.1038443E+00
  8 -0.1678099E+00
  9 -0.2452128E+00
 10 -0.3488738E+00
 11 -0.4284144E+00
 12 -0.1593589E-01
 13 -0.7185031E-02
 14 -0.1241000E-01
 15 -0.2733532E-01
 16 -0.6678081E-01
 17 -0.1192360E+00
 18 -0.2219753E+00
 19 -0.2833201E+00
 20 -0.3154529E+00
 21 -0.3464473E+00
 22 -0.4421571E+00
  1  0.9688322E-01
  2  0.5201289E-01
  3  0.1132931E-01
  4 -0.1125090E-01
  5 -0.9847481E-02
  6  0.5074275E-01
  7  0.2210430E+00
  8  0.2260060E+00
  9  0.1922767E+00
 10  0.1668976E+00
 11  0.3512948E+00
 12  0.3899006E-01
 13  0.6995161E-01
 14  0.8381335E-01
 15  0.8894877E-01
 16  0.8719254E-01
 17  0.9181051E-01
 18  0.1403580E+00
 19  0.1877058E+00
 20  0.2601115E+00
 21  0.4053775E+00
 22  0.6103321E+00
  1  0.3757555E-01
  2  0.6154373E-03
  3 -0.3950091E-01
  4 -0.7217555E-01
  5 -0.1072837E+00
  6 -0.1107392E+00
  7 -0.1023602E+00
  8 -0.1706455E+00
  9 -0.2467847E+00
 10 -0.3421775E+00
 11 -0.4069735E+00
 12 -0.1828244E-01
 13 -0.1469709E-01
 14 -0.2221785E-01
 15 -0.3701658E-01
 16 -0.7681109E-01
 17 -0.1306195E+00
 18 -0.2312915E+00
 19 -0.2886457E+00
 20 -0.3210663E+00
 21 -0.3551638E+00
 22 -0.4397949E+00
  1  0.7181351E-01
  2  0.5304698E-01
  3  0.2312682E-01
  4  0.6569246E-02
  5  0.9219995E-02
  6  0.5942414E-01
  7  0.2057467E+00
  8  0.2265878E+00
  9  0.2106577E+00
 10  0.1990943E+00
 11  0.3690367E+00
 12  0.3409477E-01
 13  0.6377803E-01
 14  0.8056611E-01
 15  0.8872324E-01
 16  0.9829538E-01
 17  0.1163640E+00
 18  0.1846688E+00
 19  0.2310249E+00
 20  0.2817028E+00
 21  0.3887764E+00
 22  0.5596281E+00
  1  0.3512700E-01
  2 -0.1855724E-02
  3 -0.4188557E-01
  4 -0.7414113E-01
  5 -0.1102234E+00
  6 -0.1147475E+00
  7 -0.1098281E+00
  8 -0.1763762E+00
  9 -0.2504404E+00
 10 -0.3432651E+00
 11 -0.3985251E+00
 12 -0.2562327E-01
 13 -0.2197222E-01
 14 -0.2861549E-01
 15 -0.4375776E-01
 16 -0.8215149E-01
 17 -0.1349079E+00
 18 -0.2321632E+00
 19 -0.2881808E+00
 20 -0.3201619E+00
 21 -0.3525986E+00
 22 -0.4370944E+00
  1  0.6817576E-01
  2  0.5029772E-01
  3  0.2935891E-01
  4  0.1493452E-01
  5  0.1421916E-01
  6  0.5820182E-01
  7  0.1965000E+00
  8  0.2192038E+00
  9  0.2110358E+00
 10  0.2200657E+00
 11  0.3961664E+00
 12  0.3150497E-01
 13  0.5825459E-01
 14  0.7566940E-01
 15  0.8528566E-01
 16  0.9853733E-01
 17  0.1216750E+00
 18  0.1971685E+00
 19  0.2389875E+00
 20  0.2855618E+00
 21  0.3840874E+00
 22  0.5334913E+00
  1  0.3558676E-01
  2 -0.1443973E-02
  3 -0.4129100E-01
  4 -0.7369772E-01
  5 -0.1099734E+00
  6 -0.1147517E+00
  7 -0.1078185E+00
  8 -0.1747703E+00
  9 -0.2490301E+00
 10 -0.3420617E+00
 11 -0.3993631E+00
 12 -0.2518685E-01
 13 -0.2165408E-01
 14 -0.2832280E-01
 15 -0.4344043E-01
 16 -0.8243319E-01
 17 -0.1347524E+00
 18 -0.2331575E+00
 19 -0.2887394E+00
 20 -0.3213390E+00
 21 -0.3538008E+00
 22 -0.4367356E+00
  1  0.7125426E-01
  2  0.5085593E-01
  3  0.2537591E-01
  4  0.9356555E-02
  5  0.7346001E-02
  6  0.5410275E-01
  7  0.2024282E+00
  8  0.2221434E+00
  9  0.2102427E+00
 10  0.2016799E+00
 11  0.3743207E+00
 12  0.3293013E-01
 13  0.6143574E-01
 14  0.7792357E-01
 15  0.8627160E-01
 16  0.9592096E-01
 17  0.1137166E+00
 18  0.1821535E+00
 19  0.2301921E+00
 20  0.2815165E+00
 21  0.3912445E+00
 22  0.5606320E+00
  1  0.3922945E-01
  2  0.3436421E-03
  3 -0.4238855E-01
  4 -0.7731946E-01
  5 -0.1147945E+00
  6 -0.1171036E+00
  7 -0.9169816E-01
  8 -0.1545726E+00
  9 -0.2326095E+00
 10 -0.3304389E+00
 11 -0.3803816E+00
 12 -0.1679023E-01
 13 -0.1215408E-01
 14 -0.1926204E-01
 15 -0.3508766E-01
 16 -0.7653571E-01
 17 -0.1334597E+00
 18 -0.2397114E+00
 19 -0.3009340E+00
 20 -0.3338934E+00
 21 -0.3681732E+00
 22 -0.4502736E+00
  1  0.7747515E-01
  2  0.5503041E-01
  3  0.2812395E-01
  4  0.1005501E-01
  5  0.7856372E-02
  6  0.5898366E-01
  7  0.2142634E+00
  8  0.2194198E+00
  9  0.1898420E+00
 10  0.1721741E+00
 11  0.3522620E+00
 12  0.3654610E-01
 13  0.6749175E-01
 14  0.8650604E-01
 15  0.9285129E-01
 16  0.9559422E-01
 17  0.1059643E+00
 18  0.1721025E+00
 19  0.2256791E+00
 20  0.2868614E+00
 21  0.4163949E+00
 22  0.5693184E+00
  1  0.4236243E-01
  2 -0.5091128E-03
  3 -0.4737578E-01
  4 -0.8519154E-01
  5 -0.1242094E+00
  6 -0.1215224E+00
  7 -0.7592852E-01
  8 -0.1379130E+00
  9 -0.2213651E+00
 10 -0.3259666E+00
 11 -0.3470099E+00
 12  0.3924411E-02
 13  0.2061200E-01
 14  0.2349697E-01
 15  0.6130567E-02
 16 -0.4197352E-01
 17 -0.1114321E+00
 18 -0.2408104E+00
 19 -0.3105235E+00
 20 -0.3555375E+00
 21 -0.3882197E+00
 22 -0.4596794E+00
  1  0.7414813E-01
  2  0.5397815E-01
  3  0.3003042E-01
  4  0.1372404E-01
  5  0.1308341E-01
  6  0.6081375E-01
  7  0.2142219E+00
  8  0.2311028E+00
  9  0.2065937E+00
 10  0.1919913E+00
 11  0.3542493E+00
 12  0.3375533E-01
 13  0.6439997E-01
 14  0.8412745E-01
 15  0.9503139E-01
 16  0.1074676E+00
 17  0.1171167E+00
 18  0.1792645E+00
 19  0.2322652E+00
 20  0.2930459E+00
 21  0.4048130E+00
 22  0.5475417E+00
  1  0.3966957E-01
  2 -0.2472188E-03
  3 -0.4277487E-01
  4 -0.7772317E-01
  5 -0.1154753E+00
  6 -0.1183575E+00
  7 -0.9443153E-01
  8 -0.1570442E+00
  9 -0.2340679E+00
 10 -0.3304953E+00
 11 -0.3583948E+00
 12 -0.2223763E-01
 13 -0.1548434E-01
 14 -0.2282251E-01
 15 -0.3863245E-01
 16 -0.8009887E-01
 17 -0.1373752E+00
 18 -0.2434200E+00
 19 -0.3034460E+00
 20 -0.3374054E+00
 21 -0.3715215E+00
 22 -0.4537972E+00
  1  0.8984862E-01
  2  0.6130416E-01
  3  0.2794836E-01
  4  0.3976809E-02
  5 -0.1916021E-02
  6  0.5266929E-01
  7  0.2019401E+00
  8  0.1943101E+00
  9  0.1558279E+00
 10  0.1403039E+00
 11  0.3673566E+00
 12  0.3792019E-01
 13  0.7005826E-01
 14  0.8616135E-01
 15  0.9174761E-01
 16  0.9355293E-01
 17  0.1044785E+00
 18  0.1788287E+00
 19  0.2425087E+00
 20  0.3154112E+00
 21  0.4463989E+00
 22  0.5438179E+00
  1  0.4464991E-01
  2 -0.2198383E-02
  3 -0.5237457E-01
  4 -0.9247610E-01
  5 -0.1335858E+00
  6 -0.1289086E+00
  7 -0.7215243E-01
  8 -0.1274531E+00
  9 -0.2037825E+00
 10 -0.3081147E+00
 11 -0.3312887E+00
 12  0.8482724E-02
 13  0.2738881E-01
 14  0.2870026E-01
 15  0.5147247E-02
 16 -0.4824312E-01
 17 -0.1122312E+00
 18 -0.2378422E+00
 19 -0.3227150E+00
 20 -0.3648254E+00
 21 -0.3963911E+00
 22 -0.4658827E+00
  1  0.8511019E-01
  2  0.6090615E-01
  3  0.3325962E-01
  4  0.1477528E-01
  5  0.1214010E-01
  6  0.6688481E-01
  7  0.2175394E+00
  8  0.2119720E+00
  9  0.1766712E+00
 10  0.1625890E+00
 11  0.3670896E+00
 12  0.4051778E-01
 13  0.7580329E-01
 14  0.9430285E-01
 15  0.1026349E+00
 16  0.1118123E+00
 17  0.1236326E+00
 18  0.1941579E+00
 19  0.2528401E+00
 20  0.3159626E+00
 21  0.4298160E+00
 22  0.5075843E+00
  1  0.4107419E-01
  2 -0.1755710E-02
  3 -0.4823830E-01
  4 -0.8662847E-01
  5 -0.1286781E+00
  6 -0.1301983E+00
  7 -0.9168035E-01
  8 -0.1490335E+00
  9 -0.2214078E+00
 10 -0.3141173E+00
 11 -0.3359595E+00
 12 -0.2273005E-01
 13 -0.1285502E-01
 14 -0.1573412E-01
 15 -0.2834698E-01
 16 -0.6605101E-01
 17 -0.1219041E+00
 18 -0.2365769E+00
 19 -0.3121329E+00
 20 -0.3557162E+00
 21 -0.3915098E+00
 22 -0.4578501E+00
  1  0.1062732E+00
  2  0.6857999E-01
  3  0.2429275E-01
  4 -0.6937896E-02
  5 -0.2247231E-01
  6  0.3041145E-01
  7  0.2011080E+00
  8  0.1893661E+00
  9  0.1397288E+00
 10  0.1187432E+00
 11  0.3858016E+00
 12  0.4373100E-01
 13  0.8176806E-01
 14  0.1001140E+00
 15  0.1053427E+00
 16  0.1059091E+00
 17  0.1159417E+00
 18  0.1950601E+00
 19  0.2599284E+00
 20  0.3282656E+00
 21  0.4528342E+00
 22  0.5003578E+00
  1  0.5427260E-01
  2  0.1144339E-01
  3 -0.3594608E-01
  4 -0.7314294E-01
  5 -0.1095784E+00
  6 -0.1045831E+00
  7 -0.5933784E-01
  8 -0.1324031E+00
  9 -0.2194599E+00
 10 -0.3145340E+00
 11 -0.2841504E+00
 12 -0.2641381E-02
 13  0.9780876E-02
 14  0.5733349E-02
 15 -0.1792254E-01
 16 -0.7189216E-01
 17 -0.1357203E+00
 18 -0.2490589E+00
 19 -0.3257599E+00
 20 -0.3694437E+00
 21 -0.4061899E+00
 22 -0.4741045E+00
  1  0.1120931E+00
  2  0.7136270E-01
  3  0.2355154E-01
  4 -0.1196096E-01
  5 -0.2951024E-01
  6  0.2628579E-01
  7  0.2067786E+00
  8  0.1910485E+00
  9  0.1391741E+00
 10  0.1159821E+00
 11  0.4027510E+00
 12  0.4700505E-01
 13  0.8857428E-01
 14  0.1079754E+00
 15  0.1142609E+00
 16  0.1144788E+00
 17  0.1242720E+00
 18  0.2053734E+00
 19  0.2522804E+00
 20  0.3198848E+00
 21  0.4504859E+00
 22  0.4810310E+00
  1  0.5155468E-01
  2  0.9901630E-02
  3 -0.3539306E-01
  4 -0.7209530E-01
  5 -0.1064651E+00
  6 -0.9953545E-01
  7 -0.6533872E-01
  8 -0.1392699E+00
  9 -0.2252395E+00
 10 -0.3174240E+00
 11 -0.2890659E+00
 12 -0.1592086E-01
 13 -0.3829734E-02
 14 -0.5853699E-02
 15 -0.1929915E-01
 16 -0.7019924E-01
 17 -0.1319791E+00
 18 -0.2436659E+00
 19 -0.3248728E+00
 20 -0.3706414E+00
 21 -0.4059442E+00
 22 -0.4698233E+00
  1  0.1098606E+00
  2  0.6932422E-01
  3  0.2325087E-01
  4 -0.1042059E-01
  5 -0.2867000E-01
  6  0.2615321E-01
  7  0.2032925E+00
  8  0.1892627E+00
  9  0.1375667E+00
 10  0.1148835E+00
 11  0.3976959E+00
 12  0.4593412E-01
 13  0.8641698E-01
 14  0.1050734E+00
 15  0.1116384E+00
 16  0.1128165E+00
 17  0.1217163E+00
 18  0.2016004E+00
 19  0.2630101E+00
 20  0.3331804E+00
 21  0.4544040E+00
 22  0.4749775E+00
  1  0.5076741E-01
  2  0.9690351E-02
  3 -0.3513305E-01
  4 -0.6988999E-01
  5 -0.1066971E+00
  6 -0.1031204E+00
  7 -0.6911565E-01
  8 -0.1431650E+00
  9 -0.2269415E+00
 10 -0.3166842E+00
 11 -0.2877680E+00
 12 -0.2230846E-01
 13 -0.1073756E-01
 14 -0.1323021E-01
 15 -0.2593681E-01
 16 -0.6913040E-01
 17 -0.1291973E+00
 18 -0.2457470E+00
 19 -0.3258657E+00
 20 -0.3705416E+00
 21 -0.4052912E+00
 22 -0.4671649E+00
  1  0.1198469E+00
  2  0.7519054E-01
  3  0.2540834E-01
  4 -0.1111179E-01
  5 -0.3004599E-01
  6  0.3003437E-01
  7  0.2233283E+00
  8  0.2069745E+00
  9  0.1477194E+00
 10  0.1190333E+00
 11  0.4134143E+00
 12  0.5063070E-01
 13  0.9398526E-01
 14  0.1157323E+00
 15  0.1224273E+00
 16  0.1230782E+00
 17  0.1332833E+00
 18  0.2067420E+00
 19  0.2579306E+00
 20  0.3163024E+00
 21  0.4436695E+00
 22  0.4460290E+00
  1  0.5444492E-01
  2  0.1323146E-01
  3 -0.3264934E-01
  4 -0.7041366E-01
  5 -0.1074882E+00
  6 -0.1034520E+00
  7 -0.7105946E-01
  8 -0.1438435E+00
  9 -0.2275987E+00
 10 -0.3167771E+00
 11 -0.2887437E+00
 12 -0.2383570E-01
 13 -0.1221873E-01
 14 -0.1436894E-01
 15 -0.2724814E-01
 16 -0.6711864E-01
 17 -0.1250641E+00
 18 -0.2456222E+00
 19 -0.3258843E+00
 20 -0.3699451E+00
 21 -0.4048694E+00
 22 -0.4671152E+00
  1  0.1146453E+00
  2  0.7346085E-01
  3  0.2473716E-01
  4 -0.9382678E-02
  5 -0.2796038E-01
  6  0.3011288E-01
  7  0.2127881E+00
  8  0.1980738E+00
  9  0.1439413E+00
 10  0.1208379E+00
 11  0.4048791E+00
 12  0.4958469E-01
 13  0.9085744E-01
 14  0.1107266E+00
 15  0.1174159E+00
 16  0.1158595E+00
 17  0.1278252E+00
 18  0.2007452E+00
 19  0.2724951E+00
 20  0.3339130E+00
 21  0.4477193E+00
 22  0.4497615E+00
  1  0.5637318E-01
  2  0.1390225E-01
  3 -0.3302886E-01
  4 -0.7001825E-01
  5 -0.1075955E+00
  6 -0.1033116E+00
  7 -0.7018726E-01
  8 -0.1433284E+00
  9 -0.2274473E+00
 10 -0.3164746E+00
 11 -0.2879279E+00
 12 -0.2372641E-01
 13 -0.1184483E-01
 14 -0.1391695E-01
 15 -0.2733423E-01
 16 -0.6713052E-01
 17 -0.1246206E+00
 18 -0.2463461E+00
 19 -0.3257770E+00
 20 -0.3703715E+00
 21 -0.4050316E+00
 22 -0.4673345E+00
  1  0.1310643E+00
  2  0.8112089E-01
  3  0.2448738E-01
  4 -0.1766811E-01
  5 -0.3879751E-01
  6  0.2586931E-01
  7  0.2354714E+00
  8  0.2141612E+00
  9  0.1412544E+00
 10  0.1002355E+00
 11  0.4106672E+00
 12  0.5653019E-01
 13  0.1052854E+00
 14  0.1273963E+00
 15  0.1338023E+00
 16  0.1188206E+00
 17  0.1145198E+00
 18  0.1763711E+00
 19  0.2334825E+00
 20  0.3147455E+00
 21  0.4692510E+00
 22  0.4389388E+00
  1  0.5939752E-01
  2  0.1800224E-01
  3 -0.2835106E-01
  4 -0.6387720E-01
  5 -0.1003145E+00
  6 -0.9683701E-01
  7 -0.6259403E-01
  8 -0.1386575E+00
  9 -0.2248116E+00
 10 -0.3172752E+00
 11 -0.2872462E+00
 12 -0.2267174E-01
 13 -0.8784728E-02
 14 -0.1070568E-01
 15 -0.2364360E-01
 16 -0.6348238E-01
 17 -0.1212703E+00
 18 -0.2438161E+00
 19 -0.3260675E+00
 20 -0.3723905E+00
 21 -0.4082886E+00
 22 -0.4730998E+00
  1  0.1205432E+00
  2  0.7989019E-01
  3  0.2909424E-01
  4 -0.8286112E-02
  5 -0.2622775E-01
  6  0.3346939E-01
  7  0.2250016E+00
  8  0.2087195E+00
  9  0.1505891E+00
 10  0.1150307E+00
 11  0.3946348E+00
 12  0.5358121E-01
 13  0.9705429E-01
 14  0.1183846E+00
 15  0.1250692E+00
 16  0.1198005E+00
 17  0.1146130E+00
 18  0.1876329E+00
 19  0.2628230E+00
 20  0.3366320E+00
 21  0.4612138E+00
 22  0.4367733E+00
  1  0.6062527E-01
  2  0.1773497E-01
  3 -0.2833438E-01
  4 -0.6485888E-01
  5 -0.9755003E-01
  6 -0.9183850E-01
  7 -0.5675344E-01
  8 -0.1334587E+00
  9 -0.2217641E+00
 10 -0.3159657E+00
 11 -0.2900175E+00
 12 -0.2246891E-01
 13 -0.8936762E-02
 14 -0.1092271E-01
 15 -0.2335412E-01
 16 -0.6311925E-01
 17 -0.1227284E+00
 18 -0.2452260E+00
 19 -0.3243944E+00
 20 -0.3715029E+00
 21 -0.4079351E+00
 22 -0.4783361E+00
  1  0.1414779E+00
  2  0.8813013E-01
  3  0.2681980E-01
  4 -0.2106674E-01
  5 -0.4712225E-01
  6  0.1916295E-01
  7  0.2337908E+00
  8  0.2023297E+00
  9  0.1265394E+00
 10  0.8147382E-01
 11  0.4151788E+00
 12  0.6264438E-01
 13  0.1077517E+00
 14  0.1236212E+00
 15  0.1228569E+00
 16  0.1056116E+00
 17  0.9934442E-01
 18  0.1693399E+00
 19  0.2299138E+00
 20  0.3180856E+00
 21  0.4833817E+00
 22  0.4410675E+00
  1  0.6075170E-01
  2  0.1808808E-01
  3 -0.2825303E-01
  4 -0.6390713E-01
  5 -0.9755742E-01
  6 -0.8451343E-01
  7 -0.4589583E-01
  8 -0.1228393E+00
  9 -0.2143392E+00
 10 -0.3145991E+00
 11 -0.3001040E+00
 12 -0.2836820E-01
 13 -0.2287114E-01
 14 -0.2648722E-01
 15 -0.3875579E-01
 16 -0.7097039E-01
 17 -0.1223249E+00
 18 -0.2450183E+00
 19 -0.3235433E+00
 20 -0.3662453E+00
 21 -0.4058303E+00
 22 -0.4849618E+00
  1  0.1448301E+00
  2  0.8545022E-01
  3  0.1742508E-01
  4 -0.3327967E-01
  5 -0.6204228E-01
  6  0.7687977E-02
  7  0.2397632E+00
  8  0.2071566E+00
  9  0.1243987E+00
 10  0.7689473E-01
 11  0.4249776E+00
 12  0.5733077E-01
 13  0.1049843E+00
 14  0.1224093E+00
 15  0.1215867E+00
 16  0.1039672E+00
 17  0.9609972E-01
 18  0.1575138E+00
 19  0.2227270E+00
 20  0.3193801E+00
 21  0.4825028E+00
 22  0.4366442E+00
  1  0.6191916E-01
  2  0.2118770E-01
  3 -0.2459027E-01
  4 -0.5987761E-01
  5 -0.9175474E-01
  6 -0.7943667E-01
  7 -0.3931690E-01
  8 -0.1209251E+00
  9 -0.2110436E+00
 10 -0.3116603E+00
 11 -0.3064302E+00
 12 -0.4190133E-01
 13 -0.3545556E-01
 14 -0.3841465E-01
 15 -0.4927994E-01
 16 -0.7872556E-01
 17 -0.1220185E+00
 18 -0.2374842E+00
 19 -0.3213939E+00
 20 -0.3712550E+00
 21 -0.4106942E+00
 22 -0.4804813E+00
  1  0.1580446E+00
  2  0.9357945E-01
  3  0.1983292E-01
  4 -0.3601840E-01
  5 -0.6661450E-01
  6  0.9493095E-02
  7  0.2619475E+00
  8  0.2219235E+00
  9  0.1233451E+00
 10  0.5951503E-01
 11  0.4117203E+00
 12  0.6218547E-01
 13  0.1106117E+00
 14  0.1146825E+00
 15  0.1027957E+00
 16  0.7148317E-01
 17  0.6306477E-01
 18  0.1633855E+00
 19  0.2358619E+00
 20  0.3388530E+00
 21  0.4874045E+00
 22  0.4126647E+00
  1  0.6944063E-01
  2  0.2641675E-01
  3 -0.2054726E-01
  4 -0.5855644E-01
  5 -0.9120087E-01
  6 -0.7916883E-01
  7 -0.2227310E-01
  8 -0.1064973E+00
  9 -0.2005800E+00
 10 -0.3062877E+00
 11 -0.3057504E+00
 12 -0.4966674E-01
 13 -0.4181091E-01
 14 -0.4335766E-01
 15 -0.5233691E-01
 16 -0.7910371E-01
 17 -0.1183503E+00
 18 -0.2280795E+00
 19 -0.3208597E+00
 20 -0.3739618E+00
 21 -0.4161390E+00
 22 -0.4894791E+00
  1  0.2218947E+00
  2  0.1239103E+00
  3  0.1190814E-01
  4 -0.6737009E-01
  5 -0.1222460E+00
  6 -0.1954998E-01
  7  0.3101040E+00
  8  0.2338966E+00
  9  0.8406024E-01
 10 -0.2967659E-01
 11  0.4310842E+00
 12  0.5028143E-01
 13  0.1012192E+00
 14  0.1085329E+00
 15  0.9200681E-01
 16  0.3255986E-01
 17 -0.6165043E-02
 18  0.1099862E+00
 19  0.2154718E+00
 20  0.3225513E+00
 21  0.5069869E+00
 22  0.3421013E+00
  1  0.8823278E-01
  2  0.3348316E-01
  3 -0.2441288E-01
  4 -0.7027671E-01
  5 -0.1107906E+00
  6 -0.8926792E-01
  7  0.1035139E-02
  8 -0.8562956E-01
  9 -0.1980395E+00
 10 -0.3270731E+00
 11 -0.2891112E+00
 12 -0.4613030E-01
 13 -0.3629135E-01
 14 -0.3775695E-01
 15 -0.4957393E-01
 16 -0.8143776E-01
 17 -0.1241039E+00
 18 -0.2119780E+00
 19 -0.3004055E+00
 20 -0.3632722E+00
 21 -0.4163923E+00
 22 -0.5082430E+00
