  1 -0.1034958E+00
  2 -0.9970271E-01
  3 -0.1043513E+00
  4 -0.1154167E+00
  5 -0.1423958E+00
  6 -0.1623877E+00
  7 -0.6419645E-01
  8  0.7121215E-01
  9  0.1750787E+00
 10  0.3072076E+00
 11  0.4186316E+00
 12  0.1544594E+00
 13  0.2415852E+00
 14  0.2956003E+00
 15  0.3245757E+00
 16  0.3372096E+00
 17  0.3148507E+00
 18  0.2352824E+00
 19  0.1810106E+00
 20  0.1356368E+00
 21  0.6445313E-01
 22 -0.2349973E-01
  1 -0.1311998E+00
  2 -0.1400807E+00
  3 -0.1499079E+00
  4 -0.1623072E+00
  5 -0.1897993E+00
  6 -0.2212465E+00
  7 -0.2416289E+00
  8 -0.2320200E+00
  9 -0.2294480E+00
 10 -0.2340340E+00
 11 -0.2429877E+00
 12  0.1261284E+00
 13  0.1944824E+00
 14  0.2343980E+00
 15  0.2510194E+00
 16  0.2437157E+00
 17  0.1983405E+00
 18  0.5197520E-01
 19 -0.5605169E-01
 20 -0.1435020E+00
 21 -0.2683202E+00
 22 -0.4264296E+00
  1 -0.2870505E-01
  2 -0.1790906E-01
  3 -0.1539962E-01
  4 -0.1976857E-01
  5 -0.3341701E-01
  6 -0.3861641E-01
  7  0.6703260E-01
  8  0.1818889E+00
  9  0.2595008E+00
 10  0.3442259E+00
 11  0.4409564E+00
 12  0.9171171E-01
 13  0.1508911E+00
 14  0.1904643E+00
 15  0.2139699E+00
 16  0.2324025E+00
 17  0.2329080E+00
 18  0.2312652E+00
 19  0.2447331E+00
 20  0.2593925E+00
 21  0.2845952E+00
 22  0.3075953E+00
  1 -0.9020667E-01
  2 -0.9835207E-01
  3 -0.1095337E+00
  4 -0.1253429E+00
  5 -0.1582176E+00
  6 -0.1962854E+00
  7 -0.2277153E+00
  8 -0.2348556E+00
  9 -0.2474611E+00
 10 -0.2772368E+00
 11 -0.3533723E+00
 12  0.1021421E+00
 13  0.1601859E+00
 14  0.1932910E+00
 15  0.2052265E+00
 16  0.1938355E+00
 17  0.1435392E+00
 18 -0.1612329E-01
 19 -0.1289654E+00
 20 -0.2116548E+00
 21 -0.3159118E+00
 22 -0.4309316E+00
  1 -0.4264097E-02
  2  0.5695952E-02
  3  0.5648748E-02
  4 -0.8811418E-03
  5 -0.1475912E-01
  6 -0.1667875E-01
  7  0.9163874E-01
  8  0.1971397E+00
  9  0.2646258E+00
 10  0.3350699E+00
 11  0.4256544E+00
 12  0.7798104E-01
 13  0.1310541E+00
 14  0.1671022E+00
 15  0.1897916E+00
 16  0.2081855E+00
 17  0.2126541E+00
 18  0.2204428E+00
 19  0.2414643E+00
 20  0.2631939E+00
 21  0.3018540E+00
 22  0.3816130E+00
  1 -0.6577604E-01
  2 -0.7151387E-01
  3 -0.8300853E-01
  4 -0.9957603E-01
  5 -0.1372519E+00
  6 -0.1818626E+00
  7 -0.2249153E+00
  8 -0.2348900E+00
  9 -0.2503746E+00
 10 -0.2885824E+00
 11 -0.3861065E+00
 12  0.6790398E-01
 13  0.1205704E+00
 14  0.1525275E+00
 15  0.1662641E+00
 16  0.1569923E+00
 17  0.1053709E+00
 18 -0.7274884E-01
 19 -0.1879614E+00
 20 -0.2622492E+00
 21 -0.3432248E+00
 22 -0.4336241E+00
  1 -0.3131528E-02
  2  0.6703903E-02
  3  0.7144749E-02
  4  0.1459353E-02
  5 -0.1217648E-01
  6 -0.1333180E-01
  7  0.9263851E-01
  8  0.1952341E+00
  9  0.2610266E+00
 10  0.3301178E+00
 11  0.4184543E+00
 12  0.7576474E-01
 13  0.1268573E+00
 14  0.1620642E+00
 15  0.1835440E+00
 16  0.2020748E+00
 17  0.2064072E+00
 18  0.2164555E+00
 19  0.2394707E+00
 20  0.2636108E+00
 21  0.3087292E+00
 22  0.4079500E+00
  1 -0.6499800E-01
  2 -0.7048307E-01
  3 -0.8223938E-01
  4 -0.9827405E-01
  5 -0.1343658E+00
  6 -0.1780635E+00
  7 -0.2225839E+00
  8 -0.2341939E+00
  9 -0.2506857E+00
 10 -0.2886789E+00
 11 -0.3837716E+00
 12  0.6199950E-01
 13  0.1116576E+00
 14  0.1408199E+00
 15  0.1520094E+00
 16  0.1393572E+00
 17  0.8320841E-01
 18 -0.9975502E-01
 19 -0.2124182E+00
 20 -0.2806707E+00
 21 -0.3496911E+00
 22 -0.4301752E+00
  1 -0.1192020E-02
  2  0.9914118E-02
  3  0.1173122E-01
  4  0.8009792E-02
  5 -0.1526367E-02
  6  0.2413114E-02
  7  0.1119045E+00
  8  0.2097374E+00
  9  0.2686697E+00
 10  0.3276165E+00
 11  0.4114068E+00
 12  0.7460301E-01
 13  0.1240282E+00
 14  0.1582043E+00
 15  0.1789920E+00
 16  0.1973811E+00
 17  0.2026289E+00
 18  0.2146363E+00
 19  0.2388982E+00
 20  0.2642795E+00
 21  0.3098671E+00
 22  0.4091100E+00
  1 -0.6477657E-01
  2 -0.7026517E-01
  3 -0.8181334E-01
  4 -0.9803971E-01
  5 -0.1348391E+00
  6 -0.1787295E+00
  7 -0.2223989E+00
  8 -0.2339655E+00
  9 -0.2494552E+00
 10 -0.2857573E+00
 11 -0.3772033E+00
 12  0.6394774E-01
 13  0.1128663E+00
 14  0.1431641E+00
 15  0.1540308E+00
 16  0.1408987E+00
 17  0.8389458E-01
 18 -0.1008577E+00
 19 -0.2144976E+00
 20 -0.2832524E+00
 21 -0.3517494E+00
 22 -0.4312605E+00
  1  0.2817023E-02
  2  0.1312140E-01
  3  0.1395168E-01
  4  0.9162739E-02
  5 -0.1660561E-02
  6  0.7858012E-03
  7  0.1102791E+00
  8  0.2087711E+00
  9  0.2678248E+00
 10  0.3257962E+00
 11  0.4064965E+00
 12  0.5813447E-01
 13  0.1101160E+00
 14  0.1484720E+00
 15  0.1742107E+00
 16  0.1992377E+00
 17  0.2074219E+00
 18  0.2154281E+00
 19  0.2382312E+00
 20  0.2637475E+00
 21  0.3117703E+00
 22  0.4244216E+00
  1 -0.4779183E-01
  2 -0.5358889E-01
  3 -0.6880860E-01
  4 -0.9017436E-01
  5 -0.1359110E+00
  6 -0.1877744E+00
  7 -0.2289161E+00
  8 -0.2356244E+00
  9 -0.2489441E+00
 10 -0.2818651E+00
 11 -0.3675609E+00
 12  0.6425238E-01
 13  0.1169106E+00
 14  0.1492113E+00
 15  0.1618912E+00
 16  0.1498124E+00
 17  0.9271421E-01
 18 -0.9792963E-01
 19 -0.2149566E+00
 20 -0.2853356E+00
 21 -0.3540085E+00
 22 -0.4289050E+00
  1  0.1321830E-01
  2  0.2778038E-01
  3  0.3215449E-01
  4  0.3027595E-01
  5  0.2258355E-01
  6  0.2514769E-01
  7  0.1264240E+00
  8  0.2174164E+00
  9  0.2703993E+00
 10  0.3225321E+00
 11  0.4042141E+00
 12  0.5584870E-01
 13  0.1046495E+00
 14  0.1416306E+00
 15  0.1661475E+00
 16  0.1909250E+00
 17  0.2006056E+00
 18  0.2134263E+00
 19  0.2380392E+00
 20  0.2635845E+00
 21  0.3142090E+00
 22  0.4281688E+00
  1 -0.3549602E-01
  2 -0.3768039E-01
  3 -0.5148873E-01
  4 -0.7319591E-01
  5 -0.1230659E+00
  6 -0.1821609E+00
  7 -0.2335716E+00
  8 -0.2396957E+00
  9 -0.2508320E+00
 10 -0.2823299E+00
 11 -0.3652579E+00
 12  0.6439992E-01
 13  0.1152645E+00
 14  0.1458457E+00
 15  0.1571576E+00
 16  0.1416915E+00
 17  0.7889088E-01
 18 -0.1199648E+00
 19 -0.2344102E+00
 20 -0.2978350E+00
 21 -0.3550382E+00
 22 -0.4232413E+00
  1  0.1223586E-01
  2  0.2800903E-01
  3  0.3154633E-01
  4  0.2839492E-01
  5  0.1779908E-01
  6  0.1869948E-01
  7  0.1315395E+00
  8  0.2319990E+00
  9  0.2889657E+00
 10  0.3394848E+00
 11  0.4131573E+00
 12  0.6527936E-01
 13  0.1208151E+00
 14  0.1610760E+00
 15  0.1866411E+00
 16  0.2086206E+00
 17  0.2075273E+00
 18  0.1856603E+00
 19  0.1918988E+00
 20  0.2135568E+00
 21  0.2752185E+00
 22  0.4440122E+00
  1 -0.3494769E-01
  2 -0.3789891E-01
  3 -0.5116073E-01
  4 -0.7265981E-01
  5 -0.1211495E+00
  6 -0.1787543E+00
  7 -0.2313533E+00
  8 -0.2384325E+00
  9 -0.2512460E+00
 10 -0.2845687E+00
 11 -0.3690334E+00
 12  0.5997703E-01
 13  0.1070658E+00
 14  0.1336268E+00
 15  0.1417707E+00
 16  0.1220834E+00
 17  0.5581170E-01
 18 -0.1440308E+00
 19 -0.2507043E+00
 20 -0.3059744E+00
 21 -0.3536049E+00
 22 -0.4229212E+00
  1  0.1146145E-01
  2  0.2743955E-01
  3  0.3098835E-01
  4  0.2753294E-01
  5  0.1539230E-01
  6  0.1560455E-01
  7  0.1321377E+00
  8  0.2365812E+00
  9  0.2942110E+00
 10  0.3439792E+00
 11  0.4132318E+00
 12  0.6920166E-01
 13  0.1260419E+00
 14  0.1673795E+00
 15  0.1929004E+00
 16  0.2122744E+00
 17  0.2064843E+00
 18  0.1703171E+00
 19  0.1717858E+00
 20  0.1952860E+00
 21  0.2661602E+00
 22  0.4546967E+00
  1 -0.3480930E-01
  2 -0.3747252E-01
  3 -0.5099488E-01
  4 -0.7268505E-01
  5 -0.1209511E+00
  6 -0.1789791E+00
  7 -0.2307710E+00
  8 -0.2381605E+00
  9 -0.2504169E+00
 10 -0.2830413E+00
 11 -0.3667542E+00
 12  0.6146955E-01
 13  0.1083852E+00
 14  0.1351861E+00
 15  0.1433070E+00
 16  0.1236612E+00
 17  0.5687457E-01
 18 -0.1444136E+00
 19 -0.2513828E+00
 20 -0.3070477E+00
 21 -0.3537758E+00
 22 -0.4233006E+00
  1  0.1791002E-01
  2  0.3851270E-01
  3  0.4507371E-01
  4  0.4309214E-01
  5  0.3373417E-01
  6  0.3666387E-01
  7  0.1572460E+00
  8  0.2501809E+00
  9  0.2890254E+00
 10  0.3018630E+00
 11  0.3127285E+00
 12  0.7544205E-01
 13  0.1382551E+00
 14  0.1832435E+00
 15  0.2102176E+00
 16  0.2297489E+00
 17  0.2198220E+00
 18  0.1769006E+00
 19  0.1833667E+00
 20  0.2117346E+00
 21  0.2943918E+00
 22  0.4816174E+00
  1 -0.3364169E-01
  2 -0.3663797E-01
  3 -0.4966028E-01
  4 -0.7024420E-01
  5 -0.1174401E+00
  6 -0.1726585E+00
  7 -0.2243134E+00
  8 -0.2335238E+00
  9 -0.2483900E+00
 10 -0.2841415E+00
 11 -0.3786219E+00
 12  0.5567057E-01
 13  0.9741464E-01
 14  0.1195588E+00
 15  0.1249662E+00
 16  0.1008276E+00
 17  0.3088476E-01
 18 -0.1670206E+00
 19 -0.2652330E+00
 20 -0.3121186E+00
 21 -0.3524089E+00
 22 -0.4270943E+00
  1  0.1822125E-01
  2  0.3861057E-01
  3  0.4515250E-01
  4  0.4350288E-01
  5  0.3414245E-01
  6  0.3744170E-01
  7  0.1574776E+00
  8  0.2497998E+00
  9  0.2880616E+00
 10  0.3010701E+00
 11  0.3116277E+00
 12  0.7640105E-01
 13  0.1385494E+00
 14  0.1829383E+00
 15  0.2100298E+00
 16  0.2294859E+00
 17  0.2200030E+00
 18  0.1771694E+00
 19  0.1836076E+00
 20  0.2143094E+00
 21  0.2982799E+00
 22  0.4796534E+00
  1 -0.3350721E-01
  2 -0.3707417E-01
  3 -0.5043960E-01
  4 -0.7070908E-01
  5 -0.1162707E+00
  6 -0.1703794E+00
  7 -0.2228536E+00
  8 -0.2343292E+00
  9 -0.2500101E+00
 10 -0.2864543E+00
 11 -0.3821065E+00
 12  0.5104402E-01
 13  0.8868856E-01
 14  0.1074512E+00
 15  0.1094007E+00
 16  0.8174194E-01
 17  0.8504500E-02
 18 -0.1858050E+00
 19 -0.2739743E+00
 20 -0.3141812E+00
 21 -0.3482333E+00
 22 -0.4265785E+00
  1  0.1816153E-01
  2  0.3830515E-01
  3  0.4510881E-01
  4  0.4358767E-01
  5  0.3462675E-01
  6  0.3797327E-01
  7  0.1562629E+00
  8  0.2473932E+00
  9  0.2852651E+00
 10  0.2988908E+00
 11  0.3169694E+00
 12  0.7311629E-01
 13  0.1331692E+00
 14  0.1756321E+00
 15  0.2011320E+00
 16  0.2181965E+00
 17  0.2072442E+00
 18  0.1675194E+00
 19  0.1816890E+00
 20  0.2206764E+00
 21  0.3128761E+00
 22  0.4921590E+00
  1 -0.2955757E-01
  2 -0.3423882E-01
  3 -0.4820865E-01
  4 -0.6874866E-01
  5 -0.1146331E+00
  6 -0.1688042E+00
  7 -0.2235666E+00
  8 -0.2365838E+00
  9 -0.2525575E+00
 10 -0.2904345E+00
 11 -0.3875088E+00
 12  0.3071556E-01
 13  0.6733607E-01
 14  0.8909977E-01
 15  0.9510327E-01
 16  0.7486714E-01
 17  0.8919011E-02
 18 -0.1833818E+00
 19 -0.2736560E+00
 20 -0.3145964E+00
 21 -0.3502888E+00
 22 -0.4320629E+00
  1  0.1698516E-01
  2  0.3637886E-01
  3  0.4302250E-01
  4  0.4188538E-01
  5  0.3395241E-01
  6  0.3866205E-01
  7  0.1600652E+00
  8  0.2552430E+00
  9  0.2922665E+00
 10  0.3054016E+00
 11  0.3175965E+00
 12  0.7244434E-01
 13  0.1308761E+00
 14  0.1727168E+00
 15  0.1980199E+00
 16  0.2151394E+00
 17  0.2032309E+00
 18  0.1562957E+00
 19  0.1729048E+00
 20  0.2160885E+00
 21  0.3156894E+00
 22  0.4920592E+00
  1 -0.2981710E-01
  2 -0.3455749E-01
  3 -0.4883398E-01
  4 -0.6898067E-01
  5 -0.1135957E+00
  6 -0.1670042E+00
  7 -0.2222851E+00
  8 -0.2366643E+00
  9 -0.2542591E+00
 10 -0.2930671E+00
 11 -0.3908378E+00
 12  0.2660943E-01
 13  0.5932606E-01
 14  0.7786101E-01
 15  0.8080796E-01
 16  0.5668724E-01
 17 -0.1144016E-01
 18 -0.1985910E+00
 19 -0.2789645E+00
 20 -0.3132612E+00
 21 -0.3457329E+00
 22 -0.4314867E+00
  1  0.1797557E-01
  2  0.3880677E-01
  3  0.4729111E-01
  4  0.4847958E-01
  5  0.4559094E-01
  6  0.5498314E-01
  7  0.1696455E+00
  8  0.2527309E+00
  9  0.2883107E+00
 10  0.3086137E+00
 11  0.3445070E+00
 12  0.6770964E-01
 13  0.1214300E+00
 14  0.1593454E+00
 15  0.1820749E+00
 16  0.1977313E+00
 17  0.1883639E+00
 18  0.1614088E+00
 19  0.1850378E+00
 20  0.2288048E+00
 21  0.3203168E+00
 22  0.4807104E+00
  1 -0.2943777E-01
  2 -0.3416898E-01
  3 -0.4821255E-01
  4 -0.6844065E-01
  5 -0.1134385E+00
  6 -0.1664297E+00
  7 -0.2216640E+00
  8 -0.2358892E+00
  9 -0.2529026E+00
 10 -0.2916369E+00
 11 -0.3923746E+00
 12  0.2732887E-01
 13  0.6026568E-01
 14  0.7829010E-01
 15  0.8153639E-01
 16  0.5701149E-01
 17 -0.1582863E-01
 18 -0.2027865E+00
 19 -0.2787150E+00
 20 -0.3127497E+00
 21 -0.3446597E+00
 22 -0.4319462E+00
  1  0.3679697E-01
  2  0.5354345E-01
  3  0.5610951E-01
  4  0.5250361E-01
  5  0.4252448E-01
  6  0.4946794E-01
  7  0.1702154E+00
  8  0.2554907E+00
  9  0.2922541E+00
 10  0.3122292E+00
 11  0.3434663E+00
 12  0.6378254E-01
 13  0.1172086E+00
 14  0.1549196E+00
 15  0.1768988E+00
 16  0.1898801E+00
 17  0.1767311E+00
 18  0.1445715E+00
 19  0.1728485E+00
 20  0.2247148E+00
 21  0.3265941E+00
 22  0.4921134E+00
  1 -0.3080861E-01
  2 -0.3621593E-01
  3 -0.5042454E-01
  4 -0.7135533E-01
  5 -0.1178928E+00
  6 -0.1733302E+00
  7 -0.2307235E+00
  8 -0.2455813E+00
  9 -0.2636441E+00
 10 -0.3032540E+00
 11 -0.3981698E+00
 12  0.2389742E-01
 13  0.5459098E-01
 14  0.7034454E-01
 15  0.7137176E-01
 16  0.4175474E-01
 17 -0.3284663E-01
 18 -0.2188734E+00
 19 -0.2855939E+00
 20 -0.3058344E+00
 21 -0.3203717E+00
 22 -0.4129783E+00
  1  0.3869518E-01
  2  0.5497662E-01
  3  0.5733899E-01
  4  0.5264717E-01
  5  0.4179014E-01
  6  0.4812821E-01
  7  0.1687163E+00
  8  0.2544943E+00
  9  0.2903003E+00
 10  0.3106809E+00
 11  0.3452357E+00
 12  0.4495917E-01
 13  0.9935138E-01
 14  0.1413967E+00
 15  0.1692101E+00
 16  0.1927186E+00
 17  0.1865287E+00
 18  0.1580732E+00
 19  0.1880679E+00
 20  0.2409703E+00
 21  0.3344363E+00
 22  0.4789773E+00
  1 -0.3030770E-01
  2 -0.3512287E-01
  3 -0.4997427E-01
  4 -0.7062776E-01
  5 -0.1172593E+00
  6 -0.1714597E+00
  7 -0.2296716E+00
  8 -0.2467276E+00
  9 -0.2660519E+00
 10 -0.3065710E+00
 11 -0.4035906E+00
 12  0.1914924E-01
 13  0.4567644E-01
 14  0.5841076E-01
 15  0.5632552E-01
 16  0.2352667E-01
 17 -0.5131138E-01
 18 -0.2297909E+00
 19 -0.2865781E+00
 20 -0.3028462E+00
 21 -0.3175145E+00
 22 -0.4077373E+00
  1  0.3839022E-01
  2  0.5592357E-01
  3  0.6033652E-01
  4  0.5759718E-01
  5  0.4855025E-01
  6  0.5417892E-01
  7  0.1716232E+00
  8  0.2586584E+00
  9  0.2968197E+00
 10  0.3211579E+00
 11  0.3572667E+00
 12  0.4368733E-01
 13  0.9485061E-01
 14  0.1333119E+00
 15  0.1583607E+00
 16  0.1779071E+00
 17  0.1715284E+00
 18  0.1479085E+00
 19  0.1842620E+00
 20  0.2385909E+00
 21  0.3350046E+00
 22  0.4775923E+00
  1 -0.3076867E-01
  2 -0.3575709E-01
  3 -0.5030331E-01
  4 -0.7107901E-01
  5 -0.1175221E+00
  6 -0.1723223E+00
  7 -0.2298946E+00
  8 -0.2453999E+00
  9 -0.2642092E+00
 10 -0.3040763E+00
 11 -0.4018623E+00
 12  0.1937346E-01
 13  0.4679771E-01
 14  0.5902298E-01
 15  0.5707274E-01
 16  0.2419265E-01
 17 -0.5203596E-01
 18 -0.2260103E+00
 19 -0.2804075E+00
 20 -0.3014491E+00
 21 -0.3221039E+00
 22 -0.4158364E+00
  1  0.3906208E-01
  2  0.5651041E-01
  3  0.6084973E-01
  4  0.5788508E-01
  5  0.5059769E-01
  6  0.6002162E-01
  7  0.1812076E+00
  8  0.2639444E+00
  9  0.2964809E+00
 10  0.3173494E+00
 11  0.3528589E+00
 12  0.4347592E-01
 13  0.9478579E-01
 14  0.1325809E+00
 15  0.1560744E+00
 16  0.1714525E+00
 17  0.1596436E+00
 18  0.1308915E+00
 19  0.1736801E+00
 20  0.2361115E+00
 21  0.3435509E+00
 22  0.4875183E+00
  1 -0.3101266E-01
  2 -0.3687078E-01
  3 -0.5154682E-01
  4 -0.7195798E-01
  5 -0.1174545E+00
  6 -0.1714153E+00
  7 -0.2306269E+00
  8 -0.2486548E+00
  9 -0.2683202E+00
 10 -0.3093347E+00
 11 -0.4059091E+00
 12  0.1519882E-01
 13  0.3811621E-01
 14  0.4670350E-01
 15  0.4214462E-01
 16  0.5942683E-02
 17 -0.6968238E-01
 18 -0.2350243E+00
 19 -0.2811204E+00
 20 -0.2918065E+00
 21 -0.3109031E+00
 22 -0.4154420E+00
  1  0.3888991E-01
  2  0.5671478E-01
  3  0.6091824E-01
  4  0.5830701E-01
  5  0.5213716E-01
  6  0.6214425E-01
  7  0.1800002E+00
  8  0.2598579E+00
  9  0.2968690E+00
 10  0.3256721E+00
 11  0.3716156E+00
 12  0.4291026E-01
 13  0.9335171E-01
 14  0.1315888E+00
 15  0.1556950E+00
 16  0.1701762E+00
 17  0.1586884E+00
 18  0.1305380E+00
 19  0.1720391E+00
 20  0.2321533E+00
 21  0.3348832E+00
 22  0.4800297E+00
  1 -0.2636500E-01
  2 -0.3220458E-01
  3 -0.4730591E-01
  4 -0.6855655E-01
  5 -0.1170107E+00
  6 -0.1737823E+00
  7 -0.2300403E+00
  8 -0.2491077E+00
  9 -0.2697918E+00
 10 -0.3123837E+00
 11 -0.4127595E+00
 12  0.8219231E-02
 13  0.2780790E-01
 14  0.3434249E-01
 15  0.2792121E-01
 16 -0.9986971E-02
 17 -0.8535007E-01
 18 -0.2397704E+00
 19 -0.2789779E+00
 20 -0.2882548E+00
 21 -0.3044515E+00
 22 -0.4128426E+00
  1  0.3831980E-01
  2  0.5549737E-01
  3  0.5926904E-01
  4  0.5622919E-01
  5  0.4920859E-01
  6  0.5842464E-01
  7  0.1761987E+00
  8  0.2571810E+00
  9  0.2942543E+00
 10  0.3266391E+00
 11  0.3790323E+00
 12  0.4083693E-01
 13  0.8944237E-01
 14  0.1249153E+00
 15  0.1466527E+00
 16  0.1606778E+00
 17  0.1489527E+00
 18  0.1305286E+00
 19  0.1813295E+00
 20  0.2448849E+00
 21  0.3437765E+00
 22  0.4753506E+00
  1 -0.2169305E-01
  2 -0.2762374E-01
  3 -0.4242783E-01
  4 -0.6397751E-01
  5 -0.1152561E+00
  6 -0.1717486E+00
  7 -0.2279468E+00
  8 -0.2440939E+00
  9 -0.2633423E+00
 10 -0.3055513E+00
 11 -0.4102212E+00
 12  0.7651044E-02
 13  0.2735965E-01
 14  0.3434670E-01
 15  0.2804628E-01
 16 -0.9009217E-02
 17 -0.8256185E-01
 18 -0.2322175E+00
 19 -0.2744793E+00
 20 -0.2894947E+00
 21 -0.3176013E+00
 22 -0.4288885E+00
  1  0.4028551E-01
  2  0.5971432E-01
  3  0.6601892E-01
  4  0.6555857E-01
  5  0.6140751E-01
  6  0.7023241E-01
  7  0.1847453E+00
  8  0.2617115E+00
  9  0.2945063E+00
 10  0.3178677E+00
 11  0.3658936E+00
 12  0.4117502E-01
 13  0.8856103E-01
 14  0.1237670E+00
 15  0.1454039E+00
 16  0.1596673E+00
 17  0.1493443E+00
 18  0.1342850E+00
 19  0.1855646E+00
 20  0.2490945E+00
 21  0.3467457E+00
 22  0.4739536E+00
  1 -0.2539626E-01
  2 -0.3123717E-01
  3 -0.4572989E-01
  4 -0.6653956E-01
  5 -0.1157453E+00
  6 -0.1732703E+00
  7 -0.2322991E+00
  8 -0.2522171E+00
  9 -0.2743491E+00
 10 -0.3190665E+00
 11 -0.4231299E+00
 12  0.5750239E-02
 13  0.2170130E-01
 14  0.2485977E-01
 15  0.1570170E-01
 16 -0.2484466E-01
 17 -0.1003080E+00
 18 -0.2417367E+00
 19 -0.2730117E+00
 20 -0.2807416E+00
 21 -0.2973123E+00
 22 -0.4031439E+00
  1  0.4046448E-01
  2  0.5964154E-01
  3  0.6566086E-01
  4  0.6501336E-01
  5  0.6144014E-01
  6  0.7395839E-01
  7  0.1872861E+00
  8  0.2587904E+00
  9  0.2902539E+00
 10  0.3198948E+00
 11  0.3996567E+00
 12  0.3923344E-01
 13  0.8526159E-01
 14  0.1183638E+00
 15  0.1373890E+00
 16  0.1473732E+00
 17  0.1321291E+00
 18  0.1169249E+00
 19  0.1760868E+00
 20  0.2451451E+00
 21  0.3461224E+00
 22  0.4724640E+00
  1 -0.3012163E-01
  2 -0.3610140E-01
  3 -0.5070583E-01
  4 -0.7079411E-01
  5 -0.1144205E+00
  6 -0.1664344E+00
  7 -0.2257937E+00
  8 -0.2461694E+00
  9 -0.2672280E+00
 10 -0.3097332E+00
 11 -0.4123092E+00
 12  0.4599820E-02
 13  0.1980798E-01
 14  0.2235225E-01
 15  0.1313105E-01
 16 -0.2620460E-01
 17 -0.9864458E-01
 18 -0.2358989E+00
 19 -0.2689314E+00
 20 -0.2823355E+00
 21 -0.3141749E+00
 22 -0.4273089E+00
  1  0.5922138E-01
  2  0.8608247E-01
  3  0.9242073E-01
  4  0.8630923E-01
  5  0.7131964E-01
  6  0.7543554E-01
  7  0.2019627E+00
  8  0.2725793E+00
  9  0.2824099E+00
 10  0.2515916E+00
 11  0.2230751E+00
 12  0.4429981E-01
 13  0.1026254E+00
 14  0.1433763E+00
 15  0.1645567E+00
 16  0.1680944E+00
 17  0.1361876E+00
 18  0.1057889E+00
 19  0.1881637E+00
 20  0.2796659E+00
 21  0.4015443E+00
 22  0.5113017E+00
  1 -0.1550837E-01
  2 -0.2330587E-01
  3 -0.4145674E-01
  4 -0.6541962E-01
  5 -0.1155691E+00
  6 -0.1708592E+00
  7 -0.2276727E+00
  8 -0.2447478E+00
  9 -0.2640899E+00
 10 -0.3032508E+00
 11 -0.4059829E+00
 12  0.3140662E-02
 13  0.1902447E-01
 14  0.2222289E-01
 15  0.1366007E-01
 16 -0.2489426E-01
 17 -0.9721612E-01
 18 -0.2323007E+00
 19 -0.2716997E+00
 20 -0.2895185E+00
 21 -0.3233726E+00
 22 -0.4302418E+00
  1  0.4437022E-01
  2  0.5415160E-01
  3  0.5679455E-01
  4  0.5727208E-01
  5  0.5690158E-01
  6  0.7345087E-01
  7  0.1918236E+00
  8  0.2644100E+00
  9  0.2951867E+00
 10  0.3230323E+00
 11  0.3986321E+00
 12  0.3296685E-01
 13  0.7955188E-01
 14  0.1122717E+00
 15  0.1305747E+00
 16  0.1369475E+00
 17  0.1185374E+00
 18  0.1073316E+00
 19  0.1762541E+00
 20  0.2504378E+00
 21  0.3532822E+00
 22  0.4720913E+00
  1 -0.2174578E-01
  2 -0.2874503E-01
  3 -0.4504864E-01
  4 -0.6962617E-01
  5 -0.1230632E+00
  6 -0.1822859E+00
  7 -0.2435313E+00
  8 -0.2623690E+00
  9 -0.2831073E+00
 10 -0.3257134E+00
 11 -0.4283208E+00
 12 -0.2717268E-02
 13  0.1064772E-01
 14  0.1080038E-01
 15 -0.1602883E-03
 16 -0.4304122E-01
 17 -0.1174608E+00
 18 -0.2402645E+00
 19 -0.2547286E+00
 20 -0.2582091E+00
 21 -0.2797794E+00
 22 -0.4026900E+00
  1  0.4237243E-01
  2  0.5166470E-01
  3  0.5458423E-01
  4  0.5426245E-01
  5  0.5456068E-01
  6  0.7104975E-01
  7  0.1868970E+00
  8  0.2585825E+00
  9  0.2908307E+00
 10  0.3216035E+00
 11  0.4022987E+00
 12  0.3185584E-01
 13  0.7599411E-01
 14  0.1080854E+00
 15  0.1271330E+00
 16  0.1376025E+00
 17  0.1252651E+00
 18  0.1250061E+00
 19  0.1921318E+00
 20  0.2606701E+00
 21  0.3521958E+00
 22  0.4649116E+00
  1 -0.2948799E-01
  2 -0.3598728E-01
  3 -0.5014499E-01
  4 -0.6955574E-01
  5 -0.1120892E+00
  6 -0.1616044E+00
  7 -0.2212973E+00
  8 -0.2421821E+00
  9 -0.2644606E+00
 10 -0.3072152E+00
 11 -0.4130597E+00
 12 -0.4690205E-04
 13  0.9949936E-02
 14  0.1078077E-01
 15 -0.9380410E-04
 16 -0.3998065E-01
 17 -0.1083839E+00
 18 -0.2323796E+00
 19 -0.2647889E+00
 20 -0.2829668E+00
 21 -0.3198653E+00
 22 -0.4349495E+00
  1  0.3320805E-01
  2  0.6231323E-01
  3  0.7184250E-01
  4  0.7724482E-01
  5  0.8037311E-01
  6  0.9289832E-01
  7  0.2146732E+00
  8  0.2752659E+00
  9  0.2789837E+00
 10  0.2498064E+00
 11  0.2381956E+00
 12  0.4626267E-01
 13  0.1031134E+00
 14  0.1394016E+00
 15  0.1568479E+00
 16  0.1521314E+00
 17  0.1109462E+00
 18  0.8209368E-01
 19  0.1802499E+00
 20  0.2823887E+00
 21  0.4107812E+00
 22  0.5196097E+00
  1 -0.1418842E-01
  2 -0.2304055E-01
  3 -0.4182874E-01
  4 -0.6614084E-01
  5 -0.1167661E+00
  6 -0.1730612E+00
  7 -0.2337546E+00
  8 -0.2544327E+00
  9 -0.2757084E+00
 10 -0.3184822E+00
 11 -0.4181624E+00
 12 -0.1762783E-01
 13 -0.6336847E-02
 14 -0.4155081E-02
 15 -0.1163840E-01
 16 -0.4552524E-01
 17 -0.1097692E+00
 18 -0.2309892E+00
 19 -0.2560795E+00
 20 -0.2703027E+00
 21 -0.3054332E+00
 22 -0.4218589E+00
  1  0.2592618E-01
  2  0.3830024E-01
  3  0.4636616E-01
  4  0.5017555E-01
  5  0.5597132E-01
  6  0.7486347E-01
  7  0.1915184E+00
  8  0.2638193E+00
  9  0.2948878E+00
 10  0.3232905E+00
 11  0.3991686E+00
 12  0.3378573E-01
 13  0.7772696E-01
 14  0.1083052E+00
 15  0.1244887E+00
 16  0.1290290E+00
 17  0.1097929E+00
 18  0.1102486E+00
 19  0.1886807E+00
 20  0.2650662E+00
 21  0.3596559E+00
 22  0.4657082E+00
  1 -0.1437590E-01
  2 -0.2307073E-01
  3 -0.4219241E-01
  4 -0.6691203E-01
  5 -0.1175845E+00
  6 -0.1742567E+00
  7 -0.2359796E+00
  8 -0.2573460E+00
  9 -0.2788301E+00
 10 -0.3212235E+00
 11 -0.4197348E+00
 12 -0.2390210E-01
 13 -0.1601095E-01
 14 -0.1658598E-01
 15 -0.2564107E-01
 16 -0.6024023E-01
 17 -0.1214712E+00
 18 -0.2235990E+00
 19 -0.2470577E+00
 20 -0.2623065E+00
 21 -0.2988317E+00
 22 -0.4248616E+00
  1  0.2719731E-01
  2  0.3981759E-01
  3  0.4829992E-01
  4  0.5300335E-01
  5  0.5769780E-01
  6  0.7572163E-01
  7  0.1938729E+00
  8  0.2669645E+00
  9  0.2975099E+00
 10  0.3234147E+00
 11  0.3967756E+00
 12  0.3285220E-01
 13  0.7476120E-01
 14  0.1029907E+00
 15  0.1165984E+00
 16  0.1163560E+00
 17  0.9344926E-01
 18  0.1011237E+00
 19  0.1902735E+00
 20  0.2708960E+00
 21  0.3660417E+00
 22  0.4659717E+00
  1 -0.1345637E-01
  2 -0.2060414E-01
  3 -0.3807238E-01
  4 -0.6140755E-01
  5 -0.1089465E+00
  6 -0.1604164E+00
  7 -0.2192843E+00
  8 -0.2429433E+00
  9 -0.2676477E+00
 10 -0.3251391E+00
 11 -0.4374791E+00
 12 -0.2283460E-01
 13 -0.1338275E-01
 14 -0.1333859E-01
 15 -0.2255487E-01
 16 -0.5867653E-01
 17 -0.1245376E+00
 18 -0.2363771E+00
 19 -0.2544711E+00
 20 -0.2640775E+00
 21 -0.2974313E+00
 22 -0.4260913E+00
  1  0.2754047E-01
  2  0.4087749E-01
  3  0.4903547E-01
  4  0.5275426E-01
  5  0.5779702E-01
  6  0.7682905E-01
  7  0.2037644E+00
  8  0.2762224E+00
  9  0.3005114E+00
 10  0.3012123E+00
 11  0.3303591E+00
 12  0.3343991E-01
 13  0.7892209E-01
 14  0.1095486E+00
 15  0.1249494E+00
 16  0.1246768E+00
 17  0.1000861E+00
 18  0.1078936E+00
 19  0.2037644E+00
 20  0.2901241E+00
 21  0.3893243E+00
 22  0.4750999E+00
  1 -0.1130673E-01
  2 -0.1569442E-01
  3 -0.3287014E-01
  4 -0.5718993E-01
  5 -0.1080046E+00
  6 -0.1597849E+00
  7 -0.1986084E+00
  8 -0.2248877E+00
  9 -0.2690271E+00
 10 -0.3542400E+00
 11 -0.4833955E+00
 12 -0.2773243E-01
 13 -0.1373496E-01
 14 -0.1110047E-01
 15 -0.1976334E-01
 16 -0.6055569E-01
 17 -0.1343026E+00
 18 -0.2460854E+00
 19 -0.2437979E+00
 20 -0.2345818E+00
 21 -0.2520201E+00
 22 -0.4181052E+00
  1  0.3045720E-01
  2  0.4428472E-01
  3  0.5311548E-01
  4  0.5726897E-01
  5  0.6186243E-01
  6  0.8096431E-01
  7  0.2051606E+00
  8  0.2714750E+00
  9  0.2888066E+00
 10  0.2793421E+00
 11  0.3058500E+00
 12  0.3444309E-01
 13  0.8359364E-01
 14  0.1159416E+00
 15  0.1320737E+00
 16  0.1315552E+00
 17  0.1041411E+00
 18  0.1101435E+00
 19  0.2113463E+00
 20  0.3006123E+00
 21  0.4017784E+00
 22  0.4837851E+00
  1  0.7984386E-02
  2  0.1544391E-01
  3  0.1856681E-02
  4 -0.2382850E-01
  5 -0.8318326E-01
  6 -0.1460152E+00
  7 -0.1792649E+00
  8 -0.2065443E+00
  9 -0.2671456E+00
 10 -0.3886303E+00
 11 -0.5431810E+00
 12 -0.3333497E-01
 13 -0.1062835E-01
 14 -0.2204399E-02
 15 -0.1077269E-01
 16 -0.5820663E-01
 17 -0.1465663E+00
 18 -0.2568519E+00
 19 -0.2176844E+00
 20 -0.1786154E+00
 21 -0.1890010E+00
 22 -0.4140596E+00
  1  0.2393761E-01
  2  0.3420139E-01
  3  0.3785260E-01
  4  0.3757778E-01
  5  0.3485199E-01
  6  0.4849777E-01
  7  0.1878889E+00
  8  0.2807397E+00
  9  0.3179136E+00
 10  0.3364726E+00
 11  0.3814874E+00
 12  0.2751030E-01
 13  0.7216617E-01
 14  0.9967086E-01
 15  0.1100356E+00
 16  0.9757885E-01
 17  0.5753887E-01
 18  0.5824556E-01
 19  0.1719324E+00
 20  0.2736560E+00
 21  0.3899059E+00
 22  0.4660542E+00
  1  0.7458333E-02
  2  0.1424217E-01
  3  0.4280435E-03
  4 -0.2463195E-01
  5 -0.8275507E-01
  6 -0.1445425E+00
  7 -0.1778002E+00
  8 -0.2052468E+00
  9 -0.2660031E+00
 10 -0.3859006E+00
 11 -0.5385759E+00
 12 -0.3430833E-01
 13 -0.1105779E-01
 14 -0.3223297E-02
 15 -0.1143395E-01
 16 -0.5807123E-01
 17 -0.1461444E+00
 18 -0.2550490E+00
 19 -0.2157080E+00
 20 -0.1855439E+00
 21 -0.1982619E+00
 22 -0.4200338E+00
  1  0.2416126E-01
  2  0.3318811E-01
  3  0.3713772E-01
  4  0.3619897E-01
  5  0.3327970E-01
  6  0.4684000E-01
  7  0.1870051E+00
  8  0.2803875E+00
  9  0.3174164E+00
 10  0.3395514E+00
 11  0.3964371E+00
 12  0.2896948E-01
 13  0.7517983E-01
 14  0.1029358E+00
 15  0.1137829E+00
 16  0.1013731E+00
 17  0.5997672E-01
 18  0.6024003E-01
 19  0.1732101E+00
 20  0.2739479E+00
 21  0.3854583E+00
 22  0.4520635E+00
  1  0.6011013E-02
  2  0.1150384E-01
  3 -0.1499705E-02
  4 -0.2609852E-01
  5 -0.8175221E-01
  6 -0.1406187E+00
  7 -0.1745876E+00
  8 -0.2024480E+00
  9 -0.2601683E+00
 10 -0.3770112E+00
 11 -0.5304505E+00
 12 -0.3061593E-01
 13 -0.9644444E-02
 14 -0.2188594E-02
 15 -0.1082714E-01
 16 -0.5594021E-01
 17 -0.1405089E+00
 18 -0.2542244E+00
 19 -0.2293025E+00
 20 -0.2046183E+00
 21 -0.2162623E+00
 22 -0.4244409E+00
  1  0.2378077E-01
  2  0.3360709E-01
  3  0.3743082E-01
  4  0.3733469E-01
  5  0.3530534E-01
  6  0.4890198E-01
  7  0.1836294E+00
  8  0.2738180E+00
  9  0.3102181E+00
 10  0.3355689E+00
 11  0.3964922E+00
 12  0.2818660E-01
 13  0.7321679E-01
 14  0.1014247E+00
 15  0.1141295E+00
 16  0.1079560E+00
 17  0.7657056E-01
 18  0.9079202E-01
 19  0.1980164E+00
 20  0.2882370E+00
 21  0.3820677E+00
 22  0.4400377E+00
  1  0.6030525E-02
  2  0.1163744E-01
  3 -0.1382608E-02
  4 -0.2463984E-01
  5 -0.7853214E-01
  6 -0.1356956E+00
  7 -0.1755500E+00
  8 -0.2088915E+00
  9 -0.2638722E+00
 10 -0.3684621E+00
 11 -0.5119416E+00
 12 -0.2935836E-01
 13 -0.8966360E-02
 14 -0.2023903E-02
 15 -0.9866526E-02
 16 -0.5374521E-01
 17 -0.1356721E+00
 18 -0.2451452E+00
 19 -0.2270654E+00
 20 -0.2131746E+00
 21 -0.2383558E+00
 22 -0.4432347E+00
  1  0.2401190E-01
  2  0.3375624E-01
  3  0.3801839E-01
  4  0.3787455E-01
  5  0.3594059E-01
  6  0.4961678E-01
  7  0.1837467E+00
  8  0.2738379E+00
  9  0.3104125E+00
 10  0.3353621E+00
 11  0.3963908E+00
 12  0.2887075E-01
 13  0.7341024E-01
 14  0.1020093E+00
 15  0.1143908E+00
 16  0.1083652E+00
 17  0.7679865E-01
 18  0.9128464E-01
 19  0.1985950E+00
 20  0.2880362E+00
 21  0.3817077E+00
 22  0.4394971E+00
  1  0.3705697E-02
  2  0.5998955E-02
  3 -0.7150796E-02
  4 -0.3065148E-01
  5 -0.8295862E-01
  6 -0.1398992E+00
  7 -0.1865774E+00
  8 -0.2178178E+00
  9 -0.2687282E+00
 10 -0.3638411E+00
 11 -0.4932225E+00
 12 -0.2696142E-01
 13 -0.9683805E-02
 14 -0.4664696E-02
 15 -0.1240965E-01
 16 -0.5403750E-01
 17 -0.1304343E+00
 18 -0.2418606E+00
 19 -0.2353248E+00
 20 -0.2253595E+00
 21 -0.2521281E+00
 22 -0.4395759E+00
  1  0.2833473E-01
  2  0.4055078E-01
  3  0.4402386E-01
  4  0.4441151E-01
  5  0.4249948E-01
  6  0.5587322E-01
  7  0.1878453E+00
  8  0.2766526E+00
  9  0.3126092E+00
 10  0.3369942E+00
 11  0.3969481E+00
 12  0.2946099E-01
 13  0.7400870E-01
 14  0.1030087E+00
 15  0.1159215E+00
 16  0.1110078E+00
 17  0.8171969E-01
 18  0.9628255E-01
 19  0.2021672E+00
 20  0.2908068E+00
 21  0.3820029E+00
 22  0.4219041E+00
  1  0.3003034E-02
  2  0.5907352E-02
  3 -0.7424455E-02
  4 -0.3049274E-01
  5 -0.8246393E-01
  6 -0.1401918E+00
  7 -0.1863388E+00
  8 -0.2175848E+00
  9 -0.2680182E+00
 10 -0.3630502E+00
 11 -0.4911778E+00
 12 -0.2747412E-01
 13 -0.9637764E-02
 14 -0.4504551E-02
 15 -0.1258884E-01
 16 -0.5395589E-01
 17 -0.1303670E+00
 18 -0.2415312E+00
 19 -0.2352446E+00
 20 -0.2259705E+00
 21 -0.2527796E+00
 22 -0.4427033E+00
  1  0.2832912E-01
  2  0.4043158E-01
  3  0.4765533E-01
  4  0.5121368E-01
  5  0.5399714E-01
  6  0.6729250E-01
  7  0.1967439E+00
  8  0.2806913E+00
  9  0.3116663E+00
 10  0.3359680E+00
 11  0.4042750E+00
 12  0.2884912E-01
 13  0.7213553E-01
 14  0.1000925E+00
 15  0.1123224E+00
 16  0.1078923E+00
 17  0.7931849E-01
 18  0.9555027E-01
 19  0.2006336E+00
 20  0.2878998E+00
 21  0.3794533E+00
 22  0.4140325E+00
  1  0.3148955E-02
  2  0.5325362E-02
  3 -0.8127353E-02
  4 -0.3158418E-01
  5 -0.8435940E-01
  6 -0.1425546E+00
  7 -0.1881435E+00
  8 -0.2184660E+00
  9 -0.2680712E+00
 10 -0.3595276E+00
 11 -0.4847656E+00
 12 -0.2698954E-01
 13 -0.9205042E-02
 14 -0.3758769E-02
 15 -0.1193869E-01
 16 -0.5334824E-01
 17 -0.1303005E+00
 18 -0.2423223E+00
 19 -0.2348994E+00
 20 -0.2247429E+00
 21 -0.2583668E+00
 22 -0.4475038E+00
  1  0.2762013E-01
  2  0.3987993E-01
  3  0.4726529E-01
  4  0.5075720E-01
  5  0.5443209E-01
  6  0.7184081E-01
  7  0.2004823E+00
  8  0.2789918E+00
  9  0.3102767E+00
 10  0.3347963E+00
 11  0.4059661E+00
 12  0.2828090E-01
 13  0.7121054E-01
 14  0.9925763E-01
 15  0.1115022E+00
 16  0.1068006E+00
 17  0.7836208E-01
 18  0.9483048E-01
 19  0.1991201E+00
 20  0.2866008E+00
 21  0.3776598E+00
 22  0.4176160E+00
  1  0.3281846E-02
  2  0.5927996E-02
  3 -0.7318258E-02
  4 -0.3016198E-01
  5 -0.8238726E-01
  6 -0.1393002E+00
  7 -0.1844501E+00
  8 -0.2139299E+00
  9 -0.2627906E+00
 10 -0.3523928E+00
 11 -0.4648179E+00
 12 -0.2646150E-01
 13 -0.9452751E-02
 14 -0.3943384E-02
 15 -0.1202138E-01
 16 -0.5296951E-01
 17 -0.1293874E+00
 18 -0.2400451E+00
 19 -0.2431771E+00
 20 -0.2422003E+00
 21 -0.2782540E+00
 22 -0.4586677E+00
  1  0.3221415E-01
  2  0.4400882E-01
  3  0.5042451E-01
  4  0.5273676E-01
  5  0.5421856E-01
  6  0.7134335E-01
  7  0.2021648E+00
  8  0.2832186E+00
  9  0.3136415E+00
 10  0.3355862E+00
 11  0.4032604E+00
 12  0.5427827E-02
 13  0.5069590E-01
 14  0.8364823E-01
 15  0.1013592E+00
 16  0.1049199E+00
 17  0.8121657E-01
 18  0.9393939E-01
 19  0.1982731E+00
 20  0.2871049E+00
 21  0.3793617E+00
 22  0.4207434E+00
  1  0.2362474E-02
  2  0.4625639E-02
  3 -0.9345360E-02
  4 -0.3266172E-01
  5 -0.8537310E-01
  6 -0.1430185E+00
  7 -0.1869699E+00
  8 -0.2153510E+00
  9 -0.2609436E+00
 10 -0.3465885E+00
 11 -0.4654073E+00
 12 -0.2648375E-01
 13 -0.8012549E-02
 14 -0.2759704E-02
 15 -0.1054228E-01
 16 -0.5140471E-01
 17 -0.1278767E+00
 18 -0.2408835E+00
 19 -0.2449237E+00
 20 -0.2432564E+00
 21 -0.2777997E+00
 22 -0.4590046E+00
  1  0.3244655E-01
  2  0.4428108E-01
  3  0.5139797E-01
  4  0.5327963E-01
  5  0.5517747E-01
  6  0.7238740E-01
  7  0.2039043E+00
  8  0.2838453E+00
  9  0.3141406E+00
 10  0.3361113E+00
 11  0.4027297E+00
 12  0.5472458E-02
 13  0.5079411E-01
 14  0.8317057E-01
 15  0.1010167E+00
 16  0.1050388E+00
 17  0.8113255E-01
 18  0.9363563E-01
 19  0.1971702E+00
 20  0.2856838E+00
 21  0.3771467E+00
 22  0.4223551E+00
  1  0.2042288E-02
  2  0.4555078E-02
  3 -0.9301458E-02
  4 -0.3214407E-01
  5 -0.8476271E-01
  6 -0.1419002E+00
  7 -0.2005217E+00
  8 -0.2313421E+00
  9 -0.2746748E+00
 10 -0.3491692E+00
 11 -0.4412376E+00
 12 -0.2578453E-01
 13 -0.7983020E-02
 14 -0.2399042E-02
 15 -0.1008218E-01
 16 -0.5026097E-01
 17 -0.1251121E+00
 18 -0.2403592E+00
 19 -0.2442111E+00
 20 -0.2425256E+00
 21 -0.2782062E+00
 22 -0.4616347E+00
  1  0.3204755E-01
  2  0.4397620E-01
  3  0.5062388E-01
  4  0.5332214E-01
  5  0.5630179E-01
  6  0.7317976E-01
  7  0.1989481E+00
  8  0.2765697E+00
  9  0.3085368E+00
 10  0.3327207E+00
 11  0.4014486E+00
 12  0.7401387E-02
 13  0.5120674E-01
 14  0.8351055E-01
 15  0.1031823E+00
 16  0.1116238E+00
 17  0.9701695E-01
 18  0.1204019E+00
 19  0.2163536E+00
 20  0.2936285E+00
 21  0.3696071E+00
 22  0.4167438E+00
  1  0.1825757E-02
  2  0.3517337E-02
  3 -0.1155833E-01
  4 -0.3533151E-01
  5 -0.8842222E-01
  6 -0.1478575E+00
  7 -0.2037372E+00
  8 -0.2341904E+00
  9 -0.2761253E+00
 10 -0.3488058E+00
 11 -0.4333705E+00
 12 -0.2437697E-01
 13 -0.7839733E-02
 14 -0.3248984E-02
 15 -0.1082995E-01
 16 -0.5089118E-01
 17 -0.1250715E+00
 18 -0.2416516E+00
 19 -0.2477423E+00
 20 -0.2486096E+00
 21 -0.2835290E+00
 22 -0.4537221E+00
  1  0.3107513E-01
  2  0.3889245E-01
  3  0.4088560E-01
  4  0.3838122E-01
  5  0.3146988E-01
  6  0.4262638E-01
  7  0.1935757E+00
  8  0.2953302E+00
  9  0.3335885E+00
 10  0.3533324E+00
 11  0.4051998E+00
 12 -0.4309878E-02
 13  0.4243224E-01
 14  0.7487281E-01
 15  0.9100574E-01
 16  0.8833957E-01
 17  0.5720619E-01
 18  0.7982982E-01
 19  0.2028425E+00
 20  0.3000478E+00
 21  0.3861224E+00
 22  0.3913382E+00
  1  0.4142840E-02
  2  0.7669598E-02
  3 -0.8430271E-02
  4 -0.3692723E-01
  5 -0.9844118E-01
  6 -0.1655062E+00
  7 -0.2132840E+00
  8 -0.2392035E+00
  9 -0.2865538E+00
 10 -0.3726104E+00
 11 -0.4463077E+00
 12 -0.2903132E-01
 13 -0.5972228E-02
 14  0.2835236E-02
 15 -0.4073688E-02
 16 -0.4768353E-01
 17 -0.1309427E+00
 18 -0.2414352E+00
 19 -0.2183824E+00
 20 -0.2011195E+00
 21 -0.2332187E+00
 22 -0.4662738E+00
  1  0.3585038E-01
  2  0.4879979E-01
  3  0.5204486E-01
  4  0.4908411E-01
  5  0.4253215E-01
  6  0.5354069E-01
  7  0.1977334E+00
  8  0.2948385E+00
  9  0.3320549E+00
 10  0.3520693E+00
 11  0.4044479E+00
 12 -0.3170904E-02
 13  0.4217365E-01
 14  0.7458734E-01
 15  0.9057784E-01
 16  0.8861225E-01
 17  0.6067986E-01
 18  0.8801886E-01
 19  0.2069865E+00
 20  0.2995052E+00
 21  0.3816211E+00
 22  0.3869121E+00
  1  0.3863275E-02
  2  0.8249635E-02
  3 -0.8489121E-02
  4 -0.3587867E-01
  5 -0.9885697E-01
  6 -0.1662468E+00
  7 -0.2136145E+00
  8 -0.2396491E+00
  9 -0.2875083E+00
 10 -0.3734079E+00
 11 -0.4388567E+00
 12 -0.2914157E-01
 13 -0.5898899E-02
 14  0.3560767E-02
 15 -0.3541860E-02
 16 -0.4734244E-01
 17 -0.1307274E+00
 18 -0.2413948E+00
 19 -0.2195134E+00
 20 -0.2015457E+00
 21 -0.2353572E+00
 22 -0.4697692E+00
  1  0.3368382E-01
  2  0.4616954E-01
  3  0.5198148E-01
  4  0.5439575E-01
  5  0.5593713E-01
  6  0.7303041E-01
  7  0.2062961E+00
  8  0.2888787E+00
  9  0.3212310E+00
 10  0.3428214E+00
 11  0.4043661E+00
 12 -0.1215424E-02
 13  0.4159513E-01
 14  0.7290334E-01
 15  0.8959885E-01
 16  0.9478650E-01
 17  0.7240061E-01
 18  0.9784716E-01
 19  0.2102905E+00
 20  0.2998728E+00
 21  0.3806376E+00
 22  0.3930239E+00
  1  0.3789289E-02
  2  0.7009580E-02
  3 -0.8462342E-02
  4 -0.3505395E-01
  5 -0.9499252E-01
  6 -0.1603184E+00
  7 -0.2057112E+00
  8 -0.2306745E+00
  9 -0.2766181E+00
 10 -0.3588929E+00
 11 -0.4269246E+00
 12 -0.2856495E-01
 13 -0.5556817E-02
 14  0.2179144E-02
 15 -0.4443033E-02
 16 -0.4650051E-01
 17 -0.1269957E+00
 18 -0.2354323E+00
 19 -0.2274421E+00
 20 -0.2222182E+00
 21 -0.2661461E+00
 22 -0.4840061E+00
  1  0.3276321E-01
  2  0.4444513E-01
  3  0.5073291E-01
  4  0.5255249E-01
  5  0.5395216E-01
  6  0.7087211E-01
  7  0.2007621E+00
  8  0.2812597E+00
  9  0.3126878E+00
 10  0.3355726E+00
 11  0.4045120E+00
 12 -0.1851880E-02
 13  0.4069291E-01
 14  0.7113051E-01
 15  0.8736137E-01
 16  0.9191570E-01
 17  0.7535107E-01
 18  0.1123295E+00
 19  0.2223118E+00
 20  0.3038537E+00
 21  0.3793986E+00
 22  0.4043128E+00
  1  0.2044754E-02
  2  0.4585032E-02
  3 -0.1078194E-01
  4 -0.3621321E-01
  5 -0.9332392E-01
  6 -0.1557259E+00
  7 -0.2010750E+00
  8 -0.2270360E+00
  9 -0.2716788E+00
 10 -0.3525519E+00
 11 -0.4223527E+00
 12 -0.2637105E-01
 13 -0.5655822E-02
 14  0.1002442E-02
 15 -0.5803910E-02
 16 -0.4765585E-01
 17 -0.1278113E+00
 18 -0.2428472E+00
 19 -0.2424656E+00
 20 -0.2389969E+00
 21 -0.2746634E+00
 22 -0.4769003E+00
  1  0.3413685E-01
  2  0.4559231E-01
  3  0.5245171E-01
  4  0.5439476E-01
  5  0.5610294E-01
  6  0.7249075E-01
  7  0.2013300E+00
  8  0.2814435E+00
  9  0.3119665E+00
 10  0.3323312E+00
 11  0.4030016E+00
 12 -0.2161911E-02
 13  0.3877028E-01
 14  0.6830038E-01
 15  0.8480565E-01
 16  0.8895865E-01
 17  0.7225055E-01
 18  0.1100066E+00
 19  0.2196342E+00
 20  0.3010448E+00
 21  0.3767864E+00
 22  0.4162774E+00
  1 -0.1462796E-01
  2 -0.1757864E-01
  3 -0.3114305E-01
  4 -0.4958344E-01
  5 -0.9470541E-01
  6 -0.1490667E+00
  7 -0.1924924E+00
  8 -0.2204502E+00
  9 -0.2667939E+00
 10 -0.3500839E+00
 11 -0.4323321E+00
 12 -0.2879778E-01
 13 -0.7564870E-02
 14 -0.1347169E-02
 15 -0.1009013E-01
 16 -0.5300863E-01
 17 -0.1280192E+00
 18 -0.2339219E+00
 19 -0.2385361E+00
 20 -0.2377998E+00
 21 -0.2748933E+00
 22 -0.4843917E+00
  1  0.3330012E-01
  2  0.4513527E-01
  3  0.5163042E-01
  4  0.5381472E-01
  5  0.5617755E-01
  6  0.7368873E-01
  7  0.2033397E+00
  8  0.2839962E+00
  9  0.3058603E+00
 10  0.3167607E+00
 11  0.4063119E+00
 12 -0.2520350E-02
 13  0.3825156E-01
 14  0.6717258E-01
 15  0.8279350E-01
 16  0.8713060E-01
 17  0.7027576E-01
 18  0.1076609E+00
 19  0.2159940E+00
 20  0.2991183E+00
 21  0.3809719E+00
 22  0.4283755E+00
  1 -0.1811490E-01
  2 -0.2606021E-01
  3 -0.3982836E-01
  4 -0.5759714E-01
  5 -0.9756292E-01
  6 -0.1454689E+00
  7 -0.1970346E+00
  8 -0.2305565E+00
  9 -0.2737442E+00
 10 -0.3487233E+00
 11 -0.4250207E+00
 12 -0.3461631E-01
 13 -0.2126045E-01
 14 -0.1979457E-01
 15 -0.2890546E-01
 16 -0.6926825E-01
 17 -0.1397479E+00
 18 -0.2324754E+00
 19 -0.2348117E+00
 20 -0.2364761E+00
 21 -0.2780604E+00
 22 -0.4739396E+00
  1  0.3414698E-01
  2  0.4661782E-01
  3  0.5312799E-01
  4  0.5544632E-01
  5  0.5872756E-01
  6  0.7665669E-01
  7  0.2060070E+00
  8  0.2815752E+00
  9  0.3009435E+00
 10  0.3132625E+00
 11  0.4049701E+00
 12 -0.2454396E-02
 13  0.3757476E-01
 14  0.6630008E-01
 15  0.8250223E-01
 16  0.8642194E-01
 17  0.6941910E-01
 18  0.1069101E+00
 19  0.2154949E+00
 20  0.2992898E+00
 21  0.3822839E+00
 22  0.4341925E+00
  1 -0.1940819E-01
  2 -0.2673260E-01
  3 -0.4044458E-01
  4 -0.5773360E-01
  5 -0.9691068E-01
  6 -0.1432419E+00
  7 -0.2001689E+00
  8 -0.2333391E+00
  9 -0.2758678E+00
 10 -0.3451842E+00
 11 -0.4176868E+00
 12 -0.3413216E-01
 13 -0.2128187E-01
 14 -0.1908255E-01
 15 -0.2894195E-01
 16 -0.6877031E-01
 17 -0.1375256E+00
 18 -0.2296469E+00
 19 -0.2325075E+00
 20 -0.2420212E+00
 21 -0.2881470E+00
 22 -0.4742732E+00
  1  0.4269084E-01
  2  0.5613804E-01
  3  0.6203132E-01
  4  0.6211233E-01
  5  0.5833199E-01
  6  0.6978102E-01
  7  0.1940867E+00
  8  0.2534515E+00
  9  0.2643200E+00
 10  0.2599726E+00
 11  0.3901108E+00
 12 -0.5920282E-02
 13  0.4533032E-01
 14  0.8162833E-01
 15  0.1012051E+00
 16  0.1050799E+00
 17  0.8031196E-01
 18  0.1202553E+00
 19  0.2511361E+00
 20  0.3487431E+00
 21  0.4254840E+00
 22  0.4133126E+00
  1  0.1146801E-01
  2  0.1714080E-02
  3 -0.1731765E-01
  4 -0.4268195E-01
  5 -0.9700874E-01
  6 -0.1535666E+00
  7 -0.1875421E+00
  8 -0.2164434E+00
  9 -0.2682535E+00
 10 -0.3523862E+00
 11 -0.3810563E+00
 12 -0.3572360E-01
 13 -0.9114551E-02
 14  0.2918017E-02
 15 -0.3673028E-02
 16 -0.4906213E-01
 17 -0.1395955E+00
 18 -0.2658592E+00
 19 -0.2510242E+00
 20 -0.2383591E+00
 21 -0.2787964E+00
 22 -0.4998787E+00
  1  0.4054269E-01
  2  0.5265766E-01
  3  0.5901817E-01
  4  0.5948388E-01
  5  0.5654286E-01
  6  0.6828142E-01
  7  0.1915044E+00
  8  0.2606535E+00
  9  0.2788738E+00
 10  0.2906761E+00
 11  0.4021861E+00
 12 -0.4963370E-02
 13  0.4284575E-01
 14  0.7669618E-01
 15  0.9566289E-01
 16  0.9891652E-01
 17  0.7625599E-01
 18  0.1132516E+00
 19  0.2380695E+00
 20  0.3301470E+00
 21  0.4108177E+00
 22  0.4150985E+00
  1 -0.1439843E-01
  2 -0.2196066E-01
  3 -0.3418743E-01
  4 -0.5152208E-01
  5 -0.9230799E-01
  6 -0.1444148E+00
  7 -0.1810694E+00
  8 -0.2134578E+00
  9 -0.2655967E+00
 10 -0.3491667E+00
 11 -0.3848383E+00
 12 -0.3398826E-01
 13 -0.8166177E-02
 14  0.3116126E-02
 15 -0.2563576E-02
 16 -0.4670976E-01
 17 -0.1349636E+00
 18 -0.2605916E+00
 19 -0.2494507E+00
 20 -0.2446512E+00
 21 -0.2925367E+00
 22 -0.5000001E+00
  1  0.4043817E-01
  2  0.5332902E-01
  3  0.5959727E-01
  4  0.6040982E-01
  5  0.5909019E-01
  6  0.7160226E-01
  7  0.1930145E+00
  8  0.2622830E+00
  9  0.2820164E+00
 10  0.2961474E+00
 11  0.4012109E+00
 12 -0.6372112E-02
 13  0.3851371E-01
 14  0.7121125E-01
 15  0.8892854E-01
 16  0.9164111E-01
 17  0.7026429E-01
 18  0.1067252E+00
 19  0.2289806E+00
 20  0.3218741E+00
 21  0.4085850E+00
 22  0.4280679E+00
  1 -0.1507652E-01
  2 -0.2207414E-01
  3 -0.3414641E-01
  4 -0.5038407E-01
  5 -0.8969729E-01
  6 -0.1365180E+00
  7 -0.1745165E+00
  8 -0.2061379E+00
  9 -0.2565281E+00
 10 -0.3398975E+00
 11 -0.3847829E+00
 12 -0.2816249E-01
 13 -0.4552444E-02
 14 -0.8969729E-03
 15 -0.1156849E-01
 16 -0.5873330E-01
 17 -0.1411135E+00
 18 -0.2509988E+00
 19 -0.2538495E+00
 20 -0.2543103E+00
 21 -0.3022062E+00
 22 -0.5087249E+00
  1  0.4902968E-01
  2  0.5877960E-01
  3  0.5784312E-01
  4  0.5053505E-01
  5  0.2951233E-01
  6  0.2414725E-01
  7  0.1514214E+00
  8  0.2258148E+00
  9  0.2356698E+00
 10  0.2318976E+00
 11  0.3801069E+00
 12 -0.1525504E-01
 13  0.4714796E-01
 14  0.9208161E-01
 15  0.1153887E+00
 16  0.1154237E+00
 17  0.7835820E-01
 18  0.1144609E+00
 19  0.2718250E+00
 20  0.3852794E+00
 21  0.4615634E+00
 22  0.4085164E+00
  1  0.1402327E-01
  2  0.4086561E-02
  3 -0.1717754E-01
  4 -0.4454817E-01
  5 -0.1033682E+00
  6 -0.1656844E+00
  7 -0.1906155E+00
  8 -0.2161449E+00
  9 -0.2715543E+00
 10 -0.3596640E+00
 11 -0.3796151E+00
 12 -0.3843387E-01
 13 -0.4583785E-02
 14  0.1122639E-01
 15  0.8064353E-02
 16 -0.3595552E-01
 17 -0.1289520E+00
 18 -0.2468795E+00
 19 -0.2274023E+00
 20 -0.2118408E+00
 21 -0.2590227E+00
 22 -0.5337313E+00
  1  0.5741270E-01
  2  0.6687963E-01
  3  0.6433164E-01
  4  0.5296925E-01
  5  0.2568708E-01
  6  0.1485293E-01
  7  0.1566498E+00
  8  0.2356272E+00
  9  0.2410857E+00
 10  0.2265538E+00
 11  0.3898843E+00
 12 -0.1723520E-01
 13  0.5280352E-01
 14  0.9989996E-01
 15  0.1225833E+00
 16  0.1101230E+00
 17  0.5138452E-01
 18  0.6492203E-01
 19  0.2472278E+00
 20  0.3883307E+00
 21  0.4918766E+00
 22  0.3767611E+00
  1 -0.7270331E-02
  2 -0.1361091E-01
  3 -0.2493556E-01
  4 -0.4135858E-01
  5 -0.8769360E-01
  6 -0.1386240E+00
  7 -0.1436538E+00
  8 -0.1660059E+00
  9 -0.2167382E+00
 10 -0.3045385E+00
 11 -0.3738276E+00
 12 -0.3572674E-01
 13 -0.1394623E-02
 14  0.1535610E-01
 15  0.1325273E-01
 16 -0.2946999E-01
 17 -0.1245101E+00
 18 -0.2813405E+00
 19 -0.2789323E+00
 20 -0.2739101E+00
 21 -0.3211673E+00
 22 -0.5382103E+00
  1  0.4715123E-01
  2  0.5690166E-01
  3  0.5833366E-01
  4  0.5309642E-01
  5  0.3640322E-01
  6  0.3349901E-01
  7  0.1555806E+00
  8  0.2278721E+00
  9  0.2396579E+00
 10  0.2428357E+00
 11  0.3917792E+00
 12 -0.1324997E-01
 13  0.4461708E-01
 14  0.8456007E-01
 15  0.1056377E+00
 16  0.1049620E+00
 17  0.7120551E-01
 18  0.9083510E-01
 19  0.2412186E+00
 20  0.3616107E+00
 21  0.4668865E+00
 22  0.4337012E+00
  1 -0.1595674E-01
  2 -0.2359982E-01
  3 -0.3403335E-01
  4 -0.5068950E-01
  5 -0.8989996E-01
  6 -0.1349869E+00
  7 -0.1519315E+00
  8 -0.1777377E+00
  9 -0.2252186E+00
 10 -0.3019450E+00
 11 -0.3715115E+00
 12 -0.2843083E-01
 13  0.2667869E-02
 14  0.1609374E-01
 15  0.1085895E-01
 16 -0.3760973E-01
 17 -0.1288797E+00
 18 -0.2821812E+00
 19 -0.2796719E+00
 20 -0.2743290E+00
 21 -0.3200144E+00
 22 -0.5290022E+00
  1  0.4848498E-01
  2  0.6226792E-01
  3  0.6784099E-01
  4  0.6299103E-01
  5  0.4898166E-01
  6  0.5002615E-01
  7  0.1629557E+00
  8  0.2282110E+00
  9  0.2398611E+00
 10  0.2420305E+00
 11  0.3747981E+00
 12 -0.1027695E-01
 13  0.4305068E-01
 14  0.8084238E-01
 15  0.1015424E+00
 16  0.9957753E-01
 17  0.7213583E-01
 18  0.1162748E+00
 19  0.2534907E+00
 20  0.3555005E+00
 21  0.4470654E+00
 22  0.4551146E+00
  1 -0.1641009E-01
  2 -0.2261656E-01
  3 -0.3343200E-01
  4 -0.4930506E-01
  5 -0.8863762E-01
  6 -0.1326811E+00
  7 -0.1543188E+00
  8 -0.1827883E+00
  9 -0.2314544E+00
 10 -0.3066254E+00
 11 -0.3689756E+00
 12 -0.3498871E-01
 13 -0.1387448E-01
 14 -0.8130270E-02
 15 -0.1683836E-01
 16 -0.6474985E-01
 17 -0.1500429E+00
 18 -0.2724184E+00
 19 -0.2668374E+00
 20 -0.2710249E+00
 21 -0.3245310E+00
 22 -0.5259183E+00
  1  0.4556853E-01
  2  0.5947559E-01
  3  0.6520526E-01
  4  0.6449509E-01
  5  0.5587644E-01
  6  0.5751053E-01
  7  0.1769650E+00
  8  0.2358063E+00
  9  0.2403776E+00
 10  0.2418600E+00
 11  0.3749596E+00
 12 -0.9508096E-02
 13  0.4134195E-01
 14  0.7742996E-01
 15  0.9466726E-01
 16  0.9184724E-01
 17  0.6606713E-01
 18  0.1105187E+00
 19  0.2452316E+00
 20  0.3473040E+00
 21  0.4423781E+00
 22  0.4663931E+00
  1 -0.1822968E-01
  2 -0.2558221E-01
  3 -0.3721415E-01
  4 -0.5383315E-01
  5 -0.9312300E-01
  6 -0.1368540E+00
  7 -0.1595181E+00
  8 -0.1879241E+00
  9 -0.2352067E+00
 10 -0.3091295E+00
 11 -0.3547475E+00
 12 -0.4003790E-01
 13 -0.1892382E-01
 14 -0.1264958E-01
 15 -0.2225301E-01
 16 -0.6956931E-01
 17 -0.1549624E+00
 18 -0.2653109E+00
 19 -0.2652637E+00
 20 -0.2728184E+00
 21 -0.3250409E+00
 22 -0.5268141E+00
  1  0.5148937E-01
  2  0.6117152E-01
  3  0.5959577E-01
  4  0.5162599E-01
  5  0.2935613E-01
  6  0.2257043E-01
  7  0.1528286E+00
  8  0.2290106E+00
  9  0.2394215E+00
 10  0.2353865E+00
 11  0.3912663E+00
 12 -0.3315431E-01
 13  0.2190552E-01
 14  0.5938629E-01
 15  0.7617293E-01
 16  0.6916863E-01
 17  0.3073149E-01
 18  0.9382486E-01
 19  0.2711640E+00
 20  0.3949643E+00
 21  0.4839527E+00
 22  0.3939806E+00
  1 -0.1154996E-01
  2 -0.1395688E-01
  3 -0.2566292E-01
  4 -0.4393255E-01
  5 -0.8821013E-01
  6 -0.1378273E+00
  7 -0.1506013E+00
  8 -0.1683451E+00
  9 -0.2228912E+00
 10 -0.3182728E+00
 11 -0.3393436E+00
 12 -0.3461701E-01
 13  0.3261261E-02
 14  0.2240987E-01
 15  0.1958400E-01
 16 -0.2797127E-01
 17 -0.1252341E+00
 18 -0.2724755E+00
 19 -0.2601041E+00
 20 -0.2546494E+00
 21 -0.3183960E+00
 22 -0.5713779E+00
  1  0.5522292E-01
  2  0.6469408E-01
  3  0.6344335E-01
  4  0.5422998E-01
  5  0.3101038E-01
  6  0.2361105E-01
  7  0.1615824E+00
  8  0.2401968E+00
  9  0.2518162E+00
 10  0.2473097E+00
 11  0.3953251E+00
 12 -0.3389374E-01
 13  0.2286634E-01
 14  0.6256498E-01
 15  0.8061936E-01
 16  0.7283812E-01
 17  0.3039934E-01
 18  0.7378333E-01
 19  0.2597502E+00
 20  0.4000989E+00
 21  0.4907432E+00
 22  0.3570490E+00
  1 -0.1406633E-01
  2 -0.1671958E-01
  3 -0.2360172E-01
  4 -0.3828033E-01
  5 -0.7774442E-01
  6 -0.1281644E+00
  7 -0.1458882E+00
  8 -0.1660937E+00
  9 -0.2264246E+00
 10 -0.3247420E+00
 11 -0.3360489E+00
 12 -0.2996136E-01
 13  0.5306508E-02
 14  0.2138931E-01
 15  0.1604198E-01
 16 -0.3518623E-01
 17 -0.1384754E+00
 18 -0.2811061E+00
 19 -0.2637824E+00
 20 -0.2556676E+00
 21 -0.3151249E+00
 22 -0.5667269E+00
  1  0.4914626E-01
  2  0.5809301E-01
  3  0.5748498E-01
  4  0.4917232E-01
  5  0.2778701E-01
  6  0.2109867E-01
  7  0.1460230E+00
  8  0.2183178E+00
  9  0.2277770E+00
 10  0.2247543E+00
 11  0.3782734E+00
 12 -0.3157417E-01
 13  0.2029086E-01
 14  0.5636446E-01
 15  0.7308531E-01
 16  0.6571077E-01
 17  0.2916811E-01
 18  0.9005806E-01
 19  0.2582220E+00
 20  0.3765969E+00
 21  0.4752456E+00
 22  0.4639276E+00
  1 -0.1406327E-01
  2 -0.1630619E-01
  3 -0.2426283E-01
  4 -0.3824424E-01
  5 -0.7363982E-01
  6 -0.1162389E+00
  7 -0.1339449E+00
  8 -0.1632420E+00
  9 -0.2270997E+00
 10 -0.3253216E+00
 11 -0.3297993E+00
 12 -0.2884690E-01
 13  0.5869247E-02
 14  0.2169248E-01
 15  0.1652721E-01
 16 -0.3450331E-01
 17 -0.1382752E+00
 18 -0.2821004E+00
 19 -0.2708613E+00
 20 -0.2716880E+00
 21 -0.3316575E+00
 22 -0.5559741E+00
  1  0.4808309E-01
  2  0.5713039E-01
  3  0.5667458E-01
  4  0.4812609E-01
  5  0.2639367E-01
  6  0.2025321E-01
  7  0.1436731E+00
  8  0.2148818E+00
  9  0.2250729E+00
 10  0.2219253E+00
 11  0.3733470E+00
 12 -0.3169993E-01
 13  0.1964260E-01
 14  0.5574577E-01
 15  0.7101952E-01
 16  0.6440606E-01
 17  0.2858669E-01
 18  0.8815090E-01
 19  0.2552936E+00
 20  0.3727364E+00
 21  0.4702012E+00
 22  0.4839441E+00
  1 -0.1204236E-01
  2 -0.1545651E-01
  3 -0.2293860E-01
  4 -0.3680507E-01
  5 -0.7275458E-01
  6 -0.1131433E+00
  7 -0.1278815E+00
  8 -0.1603119E+00
  9 -0.2230419E+00
 10 -0.3194212E+00
 11 -0.3241268E+00
 12 -0.3008976E-01
 13  0.4745917E-02
 14  0.1947602E-01
 15  0.1502067E-01
 16 -0.3607865E-01
 17 -0.1383903E+00
 18 -0.2819462E+00
 19 -0.2822045E+00
 20 -0.2828986E+00
 21 -0.3408827E+00
 22 -0.5508170E+00
  1  0.4864808E-01
  2  0.5731600E-01
  3  0.5620473E-01
  4  0.4794712E-01
  5  0.2772197E-01
  6  0.2155868E-01
  7  0.1438414E+00
  8  0.2150312E+00
  9  0.2252121E+00
 10  0.2215364E+00
 11  0.3716864E+00
 12 -0.3121820E-01
 13  0.2023370E-01
 14  0.5633295E-01
 15  0.7157448E-01
 16  0.6571038E-01
 17  0.2915807E-01
 18  0.8832050E-01
 19  0.2548404E+00
 20  0.3714898E+00
 21  0.4681277E+00
 22  0.4878913E+00
  1 -0.1100360E-01
  2 -0.1217743E-01
  3 -0.1930486E-01
  4 -0.3222544E-01
  5 -0.6721234E-01
  6 -0.1078910E+00
  7 -0.1191058E+00
  8 -0.1481982E+00
  9 -0.2126322E+00
 10 -0.3139109E+00
 11 -0.3250749E+00
 12 -0.2996222E-01
 13  0.8461711E-02
 14  0.2794391E-01
 15  0.2583271E-01
 16 -0.2000578E-01
 17 -0.1255661E+00
 18 -0.2831549E+00
 19 -0.2835687E+00
 20 -0.2842865E+00
 21 -0.3448105E+00
 22 -0.5636496E+00
  1  0.4820328E-01
  2  0.5711689E-01
  3  0.5607824E-01
  4  0.4793936E-01
  5  0.2705582E-01
  6  0.2058558E-01
  7  0.1432562E+00
  8  0.2139351E+00
  9  0.2233935E+00
 10  0.2199200E+00
 11  0.3704893E+00
 12 -0.3115931E-01
 13  0.1985342E-01
 14  0.5524392E-01
 15  0.7075547E-01
 16  0.6438739E-01
 17  0.2857121E-01
 18  0.8803782E-01
 19  0.2534461E+00
 20  0.3699359E+00
 21  0.4661893E+00
 22  0.4954160E+00
  1 -0.1084731E-01
  2 -0.1256690E-01
  3 -0.1822939E-01
  4 -0.3220323E-01
  5 -0.6779353E-01
  6 -0.1094892E+00
  7 -0.1211963E+00
  8 -0.1506291E+00
  9 -0.2142453E+00
 10 -0.3118624E+00
 11 -0.3210770E+00
 12 -0.3026652E-01
 13  0.9058244E-02
 14  0.2970201E-01
 15  0.2766108E-01
 16 -0.1957553E-01
 17 -0.1180177E+00
 18 -0.2786951E+00
 19 -0.2784693E+00
 20 -0.2790165E+00
 21 -0.3424068E+00
 22 -0.5752202E+00
  1  0.5221962E-01
  2  0.6105233E-01
  3  0.5947183E-01
  4  0.5065718E-01
  5  0.2908114E-01
  6  0.2232565E-01
  7  0.1517728E+00
  8  0.2262549E+00
  9  0.2375261E+00
 10  0.2332271E+00
 11  0.3922161E+00
 12 -0.3358782E-01
 13  0.2144057E-01
 14  0.5838807E-01
 15  0.7589997E-01
 16  0.6853937E-01
 17  0.3042682E-01
 18  0.9264421E-01
 19  0.2686393E+00
 20  0.3925774E+00
 21  0.4946052E+00
 22  0.3890280E+00
  1 -0.1127966E-01
  2 -0.1386379E-01
  3 -0.2019210E-01
  4 -0.3535739E-01
  5 -0.7467586E-01
  6 -0.1202943E+00
  7 -0.1293671E+00
  8 -0.1595845E+00
  9 -0.2272625E+00
 10 -0.3301280E+00
 11 -0.3213759E+00
 12 -0.3297130E-01
 13  0.9657499E-02
 14  0.3079271E-01
 15  0.2890648E-01
 16 -0.2184255E-01
 17 -0.1298764E+00
 18 -0.2676938E+00
 19 -0.2400322E+00
 20 -0.2422674E+00
 21 -0.3269875E+00
 22 -0.5972088E+00
  1  0.5385033E-01
  2  0.6450278E-01
  3  0.6284466E-01
  4  0.5382141E-01
  5  0.3071377E-01
  6  0.2225929E-01
  7  0.1555451E+00
  8  0.2195562E+00
  9  0.2232099E+00
 10  0.2100799E+00
 11  0.3852718E+00
 12 -0.3556281E-01
 13  0.2216289E-01
 14  0.6183244E-01
 15  0.8019707E-01
 16  0.7229208E-01
 17  0.3188988E-01
 18  0.9956429E-01
 19  0.2856979E+00
 20  0.4181064E+00
 21  0.5057843E+00
 22  0.3597830E+00
  1 -0.1118793E-01
  2 -0.1287155E-01
  3 -0.1977802E-01
  4 -0.3430604E-01
  5 -0.7182544E-01
  6 -0.1143323E+00
  7 -0.1242440E+00
  8 -0.1536983E+00
  9 -0.2186082E+00
 10 -0.3177699E+00
 11 -0.3118863E+00
 12 -0.3139139E-01
 13  0.9106035E-02
 14  0.2984354E-01
 15  0.2811466E-01
 16 -0.2127155E-01
 17 -0.1241173E+00
 18 -0.2669806E+00
 19 -0.2606263E+00
 20 -0.2654690E+00
 21 -0.3462918E+00
 22 -0.5887333E+00
  1  0.4973424E-01
  2  0.5878086E-01
  3  0.5841758E-01
  4  0.4951273E-01
  5  0.2799046E-01
  6  0.2111468E-01
  7  0.1491230E+00
  8  0.2132733E+00
  9  0.2174201E+00
 10  0.2122101E+00
 11  0.3620774E+00
 12 -0.3291693E-01
 13  0.2062735E-01
 14  0.5665433E-01
 15  0.7400328E-01
 16  0.6687053E-01
 17  0.2987776E-01
 18  0.9119274E-01
 19  0.2638848E+00
 20  0.3849553E+00
 21  0.4855490E+00
 22  0.4673229E+00
  1 -0.1009140E-01
  2 -0.1209573E-01
  3 -0.1916319E-01
  4 -0.3315869E-01
  5 -0.6843500E-01
  6 -0.1104563E+00
  7 -0.1189007E+00
  8 -0.1479026E+00
  9 -0.2132352E+00
 10 -0.3150468E+00
 11 -0.3177221E+00
 12 -0.3105849E-01
 13  0.9725386E-02
 14  0.2927202E-01
 15  0.2718054E-01
 16 -0.1976450E-01
 17 -0.1200597E+00
 18 -0.2743936E+00
 19 -0.2666290E+00
 20 -0.2719971E+00
 21 -0.3502185E+00
 22 -0.5824426E+00
  1  0.4999196E-01
  2  0.5820946E-01
  3  0.5734858E-01
  4  0.4931369E-01
  5  0.2747862E-01
  6  0.2089593E-01
  7  0.1461237E+00
  8  0.2150463E+00
  9  0.2188116E+00
 10  0.2189768E+00
 11  0.3614917E+00
 12 -0.3181781E-01
 13  0.2046983E-01
 14  0.5677466E-01
 15  0.7248791E-01
 16  0.6590521E-01
 17  0.2939169E-01
 18  0.8987075E-01
 19  0.2582904E+00
 20  0.3776310E+00
 21  0.4759019E+00
 22  0.4838412E+00
  1 -0.1029647E-01
  2 -0.1203778E-01
  3 -0.1843943E-01
  4 -0.3248772E-01
  5 -0.6906375E-01
  6 -0.1103590E+00
  7 -0.1225145E+00
  8 -0.1540853E+00
  9 -0.2174036E+00
 10 -0.3155649E+00
 11 -0.3178699E+00
 12 -0.2930793E-01
 13  0.8958939E-02
 14  0.2861813E-01
 15  0.2590101E-01
 16 -0.2431111E-01
 17 -0.1272337E+00
 18 -0.2759858E+00
 19 -0.2695673E+00
 20 -0.2742613E+00
 21 -0.3496509E+00
 22 -0.5738010E+00
  1  0.4863435E-01
  2  0.5809917E-01
  3  0.5684926E-01
  4  0.4858263E-01
  5  0.2739454E-01
  6  0.2082605E-01
  7  0.1445583E+00
  8  0.2156048E+00
  9  0.2224923E+00
 10  0.2224233E+00
 11  0.3641715E+00
 12 -0.3157526E-01
 13  0.1979165E-01
 14  0.5602174E-01
 15  0.7223607E-01
 16  0.6515038E-01
 17  0.2885995E-01
 18  0.8857969E-01
 19  0.2559553E+00
 20  0.3743776E+00
 21  0.4719222E+00
 22  0.4872918E+00
  1 -0.1305325E-01
  2 -0.1510163E-01
  3 -0.2259854E-01
  4 -0.3647280E-01
  5 -0.7152749E-01
  6 -0.1133825E+00
  7 -0.1253327E+00
  8 -0.1559921E+00
  9 -0.2184222E+00
 10 -0.3152351E+00
 11 -0.3170927E+00
 12 -0.2905882E-01
 13  0.8135474E-02
 14  0.2472156E-01
 15  0.2077407E-01
 16 -0.2827098E-01
 17 -0.1305822E+00
 18 -0.2761749E+00
 19 -0.2704693E+00
 20 -0.2745743E+00
 21 -0.3490458E+00
 22 -0.5706691E+00
  1  0.4909427E-01
  2  0.5753128E-01
  3  0.5603786E-01
  4  0.4826173E-01
  5  0.2753399E-01
  6  0.2111397E-01
  7  0.1441930E+00
  8  0.2151479E+00
  9  0.2247351E+00
 10  0.2216796E+00
 11  0.3662159E+00
 12 -0.3149930E-01
 13  0.1992953E-01
 14  0.5539414E-01
 15  0.7147852E-01
 16  0.6521299E-01
 17  0.2860686E-01
 18  0.8828387E-01
 19  0.2555992E+00
 20  0.3731337E+00
 21  0.4697773E+00
 22  0.4889601E+00
  1 -0.1219074E-01
  2 -0.1474673E-01
  3 -0.2293751E-01
  4 -0.3663860E-01
  5 -0.7260501E-01
  6 -0.1131274E+00
  7 -0.1259405E+00
  8 -0.1563302E+00
  9 -0.2181304E+00
 10 -0.3161625E+00
 11 -0.3173243E+00
 12 -0.2866358E-01
 13  0.8157587E-02
 14  0.2544370E-01
 15  0.2130267E-01
 16 -0.2731920E-01
 17 -0.1300152E+00
 18 -0.2758974E+00
 19 -0.2704867E+00
 20 -0.2745696E+00
 21 -0.3490086E+00
 22 -0.5701265E+00
  1  0.5540585E-01
  2  0.6561706E-01
  3  0.6394932E-01
  4  0.5499622E-01
  5  0.3042884E-01
  6  0.2312397E-01
  7  0.1570791E+00
  8  0.2212723E+00
  9  0.2250564E+00
 10  0.2011619E+00
 11  0.3792389E+00
 12 -0.3589043E-01
 13  0.2255830E-01
 14  0.6389081E-01
 15  0.8158245E-01
 16  0.7376067E-01
 17  0.3302309E-01
 18  0.1005322E+00
 19  0.2899517E+00
 20  0.4236533E+00
 21  0.4819655E+00
 22  0.3878897E+00
  1 -0.6601079E-02
  2 -0.4732155E-02
  3 -0.8571276E-02
  4 -0.2092643E-01
  5 -0.5722777E-01
  6 -0.9772728E-01
  7 -0.1022845E+00
  8 -0.1357134E+00
  9 -0.2049649E+00
 10 -0.3121565E+00
 11 -0.3140254E+00
 12 -0.2918469E-01
 13  0.1701366E-01
 14  0.4263542E-01
 15  0.4477134E-01
 16 -0.2789577E-02
 17 -0.1162600E+00
 18 -0.2782673E+00
 19 -0.2691528E+00
 20 -0.2725040E+00
 21 -0.3497835E+00
 22 -0.5955518E+00
  1  0.6770159E-01
  2  0.7973980E-01
  3  0.7799289E-01
  4  0.6711929E-01
  5  0.3765953E-01
  6  0.1705315E-01
  7  0.1525514E+00
  8  0.2136575E+00
  9  0.1984582E+00
 10  0.1688202E+00
 11  0.3933276E+00
 12 -0.4376777E-01
 13  0.2776038E-01
 14  0.7775522E-01
 15  0.9968069E-01
 16  0.9044704E-01
 17  0.4076118E-01
 18  0.1196572E+00
 19  0.3389477E+00
 20  0.4539702E+00
 21  0.4712492E+00
 22  0.3152277E+00
  1 -0.1010415E-01
  2 -0.9026130E-02
  3 -0.1268043E-01
  4 -0.2381692E-01
  5 -0.5522566E-01
  6 -0.9753335E-01
  7 -0.1089074E+00
  8 -0.1424813E+00
  9 -0.2095560E+00
 10 -0.3145259E+00
 11 -0.3112005E+00
 12 -0.2636580E-01
 13  0.1947744E-01
 14  0.4090992E-01
 15  0.3709118E-01
 16 -0.1575918E-01
 17 -0.1268957E+00
 18 -0.2830623E+00
 19 -0.2742006E+00
 20 -0.2766673E+00
 21 -0.3535264E+00
 22 -0.5808333E+00
  1  0.5664799E-01
  2  0.6669393E-01
  3  0.6584680E-01
  4  0.5577096E-01
  5  0.3140356E-01
  6  0.2402855E-01
  7  0.1434338E+00
  8  0.2090016E+00
  9  0.1969723E+00
 10  0.1717578E+00
 11  0.3587739E+00
 12 -0.3589832E-01
 13  0.2328108E-01
 14  0.6499967E-01
 15  0.8354681E-01
 16  0.7546420E-01
 17  0.3377552E-01
 18  0.1027716E+00
 19  0.2968637E+00
 20  0.4299426E+00
 21  0.4877467E+00
 22  0.4251489E+00
  1 -0.1033141E-01
  2 -0.1021489E-01
  3 -0.1359396E-01
  4 -0.2475071E-01
  5 -0.5656056E-01
  6 -0.9323512E-01
  7 -0.9414786E-01
  8 -0.1283075E+00
  9 -0.2003943E+00
 10 -0.3117774E+00
 11 -0.3077769E+00
 12 -0.2745008E-01
 13  0.2020645E-01
 14  0.4448137E-01
 15  0.4144215E-01
 16 -0.1378816E-01
 17 -0.1306476E+00
 18 -0.2916292E+00
 19 -0.2742095E+00
 20 -0.2789868E+00
 21 -0.3563559E+00
 22 -0.5852392E+00
  1  0.7453129E-01
  2  0.8707629E-01
  3  0.8522305E-01
  4  0.7151168E-01
  5  0.3132362E-01
  6  0.9525387E-02
  7  0.1574864E+00
  8  0.2174639E+00
  9  0.2013939E+00
 10  0.1702387E+00
 11  0.3937678E+00
 12 -0.4751030E-01
 13  0.3014429E-01
 14  0.8531377E-01
 15  0.1085635E+00
 16  0.9631656E-01
 17  0.3978631E-01
 18  0.1192034E+00
 19  0.3275437E+00
 20  0.4358480E+00
 21  0.4661478E+00
 22  0.3389482E+00
  1 -0.1114981E-01
  2 -0.1209471E-01
  3 -0.1569528E-01
  4 -0.2808837E-01
  5 -0.6157759E-01
  6 -0.9538510E-01
  7 -0.8909903E-01
  8 -0.1198829E+00
  9 -0.1912675E+00
 10 -0.3019898E+00
 11 -0.2946892E+00
 12 -0.2918247E-01
 13  0.1660039E-01
 14  0.3859168E-01
 15  0.3514031E-01
 16 -0.2124532E-01
 17 -0.1401634E+00
 18 -0.3028651E+00
 19 -0.2972753E+00
 20 -0.2952562E+00
 21 -0.3569034E+00
 22 -0.5746878E+00
  1  0.6580192E-01
  2  0.7660060E-01
  3  0.7563663E-01
  4  0.6419532E-01
  5  0.3159273E-01
  6  0.1179707E-01
  7  0.1431829E+00
  8  0.1989665E+00
  9  0.1841972E+00
 10  0.1557603E+00
 11  0.3720551E+00
 12 -0.4218484E-01
 13  0.2714014E-01
 14  0.7391527E-01
 15  0.9655692E-01
 16  0.8796158E-01
 17  0.3871916E-01
 18  0.1115787E+00
 19  0.3232832E+00
 20  0.4343569E+00
 21  0.4776205E+00
 22  0.4022822E+00
  1 -0.9111696E-02
  2 -0.8261953E-02
  3 -0.1324779E-01
  4 -0.2586083E-01
  5 -0.5968673E-01
  6 -0.9449545E-01
  7 -0.8238406E-01
  8 -0.1078559E+00
  9 -0.1824182E+00
 10 -0.2966011E+00
 11 -0.2877862E+00
 12 -0.2911648E-01
 13  0.2023001E-01
 14  0.4401257E-01
 15  0.4003004E-01
 16 -0.1775245E-01
 17 -0.1400949E+00
 18 -0.3147323E+00
 19 -0.3120705E+00
 20 -0.3100331E+00
 21 -0.3645088E+00
 22 -0.5602260E+00
  1  0.6240202E-01
  2  0.7361196E-01
  3  0.7162274E-01
  4  0.6045676E-01
  5  0.3312428E-01
  6  0.1440807E-01
  7  0.1397946E+00
  8  0.1970752E+00
  9  0.1829199E+00
 10  0.1554885E+00
 11  0.3624658E+00
 12 -0.4024589E-01
 13  0.2613455E-01
 14  0.7138096E-01
 15  0.9155886E-01
 16  0.8401962E-01
 17  0.3764123E-01
 18  0.1104509E+00
 19  0.3169557E+00
 20  0.4255053E+00
 21  0.4805329E+00
 22  0.4293188E+00
  1 -0.1022616E-01
  2 -0.9344594E-02
  3 -0.1321311E-01
  4 -0.2435195E-01
  5 -0.5732249E-01
  6 -0.8934925E-01
  7 -0.7780592E-01
  8 -0.1021060E+00
  9 -0.1766346E+00
 10 -0.2925449E+00
 11 -0.2903254E+00
 12 -0.3023251E-01
 13  0.2073234E-01
 14  0.4896318E-01
 15  0.4656740E-01
 16 -0.1175075E-01
 17 -0.1366530E+00
 18 -0.3207031E+00
 19 -0.3168139E+00
 20 -0.3145322E+00
 21 -0.3689196E+00
 22 -0.5542972E+00
  1  0.6283562E-01
  2  0.7251941E-01
  3  0.7102540E-01
  4  0.6155971E-01
  5  0.3278096E-01
  6  0.1355513E-01
  7  0.1387356E+00
  8  0.1974382E+00
  9  0.1837522E+00
 10  0.1562821E+00
 11  0.3608850E+00
 12 -0.3958578E-01
 13  0.2593251E-01
 14  0.7068735E-01
 15  0.9158166E-01
 16  0.8297748E-01
 17  0.3724118E-01
 18  0.1086155E+00
 19  0.3120843E+00
 20  0.4229027E+00
 21  0.4809836E+00
 22  0.4367632E+00
  1 -0.8188209E-02
  2 -0.6462684E-02
  3 -0.9431446E-02
  4 -0.2095281E-01
  5 -0.5307332E-01
  6 -0.8542961E-01
  7 -0.6920324E-01
  8 -0.9244961E-01
  9 -0.1699375E+00
 10 -0.2893096E+00
 11 -0.2940468E+00
 12 -0.3252777E-01
 13  0.2080277E-01
 14  0.4870056E-01
 15  0.4971872E-01
 16 -0.6848515E-02
 17 -0.1343231E+00
 18 -0.3253099E+00
 19 -0.3167787E+00
 20 -0.3130383E+00
 21 -0.3719848E+00
 22 -0.5566911E+00
  1  0.5077360E-01
  2  0.6571625E-01
  3  0.7268276E-01
  4  0.6165526E-01
  5  0.2857277E-01
  6  0.8884819E-02
  7  0.1368733E+00
  8  0.1988315E+00
  9  0.1834065E+00
 10  0.1561462E+00
 11  0.3509055E+00
 12 -0.4150736E-01
 13  0.2591405E-01
 14  0.7230134E-01
 15  0.9362715E-01
 16  0.8431604E-01
 17  0.3571877E-01
 18  0.1062476E+00
 19  0.3129543E+00
 20  0.4286701E+00
 21  0.4862868E+00
 22  0.4352776E+00
  1 -0.7000628E-02
  2 -0.5851918E-02
  3 -0.9265537E-02
  4 -0.2076347E-01
  5 -0.5401104E-01
  6 -0.8821224E-01
  7 -0.7273718E-01
  8 -0.8739948E-01
  9 -0.1607869E+00
 10 -0.2841431E+00
 11 -0.3076158E+00
 12 -0.3152450E-01
 13  0.2148954E-01
 14  0.4718380E-01
 15  0.4122351E-01
 16 -0.1482486E-01
 17 -0.1396008E+00
 18 -0.3267104E+00
 19 -0.3152667E+00
 20 -0.3048091E+00
 21 -0.3677281E+00
 22 -0.5614265E+00
  1  0.4106493E-01
  2  0.5709226E-01
  3  0.6352650E-01
  4  0.5972657E-01
  5  0.2490938E-01
  6  0.4779058E-02
  7  0.1373338E+00
  8  0.2047185E+00
  9  0.1860102E+00
 10  0.1474514E+00
 11  0.3508877E+00
 12 -0.4251030E-01
 13  0.2613329E-01
 14  0.7283983E-01
 15  0.9415910E-01
 16  0.8355191E-01
 17  0.3171663E-01
 18  0.1058153E+00
 19  0.3145553E+00
 20  0.4314556E+00
 21  0.4784769E+00
 22  0.4434966E+00
  1 -0.8316299E-02
  2 -0.6503772E-02
  3 -0.1056596E-01
  4 -0.2137715E-01
  5 -0.5348020E-01
  6 -0.9485912E-01
  7 -0.7979382E-01
  8 -0.9592531E-01
  9 -0.1717316E+00
 10 -0.2970091E+00
 11 -0.3115520E+00
 12 -0.3172988E-01
 13  0.1251710E-01
 14  0.3132472E-01
 15  0.2592979E-01
 16 -0.2934161E-01
 17 -0.1452900E+00
 18 -0.3209132E+00
 19 -0.3121064E+00
 20 -0.3040034E+00
 21 -0.3681668E+00
 22 -0.5513386E+00
  1  0.3300048E-01
  2  0.4976790E-01
  3  0.5754600E-01
  4  0.5464851E-01
  5  0.2675426E-01
  6  0.5343726E-02
  7  0.1409319E+00
  8  0.2128584E+00
  9  0.1905098E+00
 10  0.1523318E+00
 11  0.3586828E+00
 12 -0.4315356E-01
 13  0.2792988E-01
 14  0.7645091E-01
 15  0.9755269E-01
 16  0.8592712E-01
 17  0.3446110E-01
 18  0.1031458E+00
 19  0.3089387E+00
 20  0.4273319E+00
 21  0.4670298E+00
 22  0.4502030E+00
  1 -0.8251215E-02
  2 -0.7000394E-02
  3 -0.1035343E-01
  4 -0.2116936E-01
  5 -0.5549862E-01
  6 -0.9843647E-01
  7 -0.9249770E-01
  8 -0.1081487E+00
  9 -0.1832085E+00
 10 -0.3044751E+00
 11 -0.3098673E+00
 12 -0.3738799E-01
 13  0.2806464E-02
 14  0.2096965E-01
 15  0.1565103E-01
 16 -0.3853370E-01
 17 -0.1510445E+00
 18 -0.3180344E+00
 19 -0.3063776E+00
 20 -0.3036657E+00
 21 -0.3628432E+00
 22 -0.5465773E+00
  1  0.2678552E-01
  2  0.4142002E-01
  3  0.5227476E-01
  4  0.5114810E-01
  5  0.3038357E-01
  6  0.9267715E-02
  7  0.1441160E+00
  8  0.2121398E+00
  9  0.2003765E+00
 10  0.1620094E+00
 11  0.3680192E+00
 12 -0.4460618E-01
 13  0.2788795E-01
 14  0.7901181E-01
 15  0.1010242E+00
 16  0.9227737E-01
 17  0.3678011E-01
 18  0.1030594E+00
 19  0.3063434E+00
 20  0.4240858E+00
 21  0.4592789E+00
 22  0.4463889E+00
  1 -0.7831009E-02
  2 -0.6654275E-02
  3 -0.8934848E-02
  4 -0.2033771E-01
  5 -0.5795155E-01
  6 -0.1032194E+00
  7 -0.9929344E-01
  8 -0.1175380E+00
  9 -0.1894334E+00
 10 -0.3097518E+00
 11 -0.3082835E+00
 12 -0.4332048E-01
 13 -0.3311517E-02
 14  0.1506844E-01
 15  0.9163947E-02
 16 -0.4471590E-01
 17 -0.1588695E+00
 18 -0.3134070E+00
 19 -0.3019208E+00
 20 -0.2996819E+00
 21 -0.3681615E+00
 22 -0.5391421E+00
  1  0.2187866E-01
  2  0.3990088E-01
  3  0.5013383E-01
  4  0.4423461E-01
  5  0.1244755E-01
  6 -0.1095842E-01
  7  0.1744948E+00
  8  0.2519292E+00
  9  0.2111692E+00
 10  0.1290956E+00
 11  0.3866185E+00
 12 -0.6155045E-01
 13  0.4589556E-01
 14  0.1169726E+00
 15  0.1455332E+00
 16  0.1130970E+00
 17  0.1032841E-01
 18  0.5557486E-01
 19  0.2861790E+00
 20  0.4294404E+00
 21  0.4672985E+00
 22  0.3835448E+00
  1 -0.8242986E-02
  2 -0.7201767E-02
  3 -0.1079180E-01
  4 -0.2386128E-01
  5 -0.6068356E-01
  6 -0.1090460E+00
  7 -0.1033952E+00
  8 -0.1194365E+00
  9 -0.1843067E+00
 10 -0.3105111E+00
 11 -0.3083419E+00
 12 -0.4883969E-01
 13 -0.7342765E-02
 14  0.1195233E-01
 15  0.6811310E-02
 16 -0.5055336E-01
 17 -0.1610419E+00
 18 -0.3091445E+00
 19 -0.2927344E+00
 20 -0.2997844E+00
 21 -0.3779734E+00
 22 -0.5367377E+00
  1  0.2273168E-01
  2  0.4152903E-01
  3  0.4912244E-01
  4  0.4649956E-01
  5  0.2261834E-01
  6  0.6702931E-02
  7  0.1642056E+00
  8  0.2428436E+00
  9  0.2096204E+00
 10  0.1478692E+00
 11  0.3891909E+00
 12 -0.5300820E-01
 13  0.3978044E-01
 14  0.1003011E+00
 15  0.1253480E+00
 16  0.1038145E+00
 17  0.2441551E-01
 18  0.7873515E-01
 19  0.2923222E+00
 20  0.4146427E+00
 21  0.4597822E+00
 22  0.4158084E+00
  1 -0.7095391E-02
  2 -0.5601042E-02
  3 -0.1046044E-01
  4 -0.2380996E-01
  5 -0.6038277E-01
  6 -0.1092757E+00
  7 -0.1045270E+00
  8 -0.1194926E+00
  9 -0.1845908E+00
 10 -0.3100608E+00
 11 -0.3086550E+00
 12 -0.5467104E-01
 13 -0.1372587E-01
 14  0.6220920E-02
 15  0.5756011E-03
 16 -0.5730552E-01
 17 -0.1679095E+00
 18 -0.3104040E+00
 19 -0.2941986E+00
 20 -0.3012718E+00
 21 -0.3802842E+00
 22 -0.5291435E+00
  1  0.2659208E-01
  2  0.5171460E-01
  3  0.6298125E-01
  4  0.5449044E-01
  5  0.1726153E-01
  6 -0.1208307E-01
  7  0.1881040E+00
  8  0.2569635E+00
  9  0.1937956E+00
 10  0.7867990E-01
 11  0.3695366E+00
 12 -0.7373472E-01
 13  0.5840927E-01
 14  0.1437372E+00
 15  0.1784002E+00
 16  0.1379989E+00
 17  0.1268956E-01
 18 -0.4012139E-02
 19  0.2777473E+00
 20  0.4487297E+00
 21  0.4671109E+00
 22  0.3609292E+00
  1 -0.8079152E-02
  2 -0.4313224E-02
  3 -0.8926160E-02
  4 -0.2478475E-01
  5 -0.6624904E-01
  6 -0.1091467E+00
  7 -0.9850049E-01
  8 -0.1145676E+00
  9 -0.1818591E+00
 10 -0.2995280E+00
 11 -0.2754470E+00
 12 -0.6136246E-01
 13 -0.1223600E-01
 14  0.1088079E-01
 15  0.4156854E-02
 16 -0.6411198E-01
 17 -0.1945903E+00
 18 -0.3394026E+00
 19 -0.2996583E+00
 20 -0.2878133E+00
 21 -0.3806062E+00
 22 -0.5317124E+00
  1  0.2088753E-01
  2  0.4030306E-01
  3  0.5036485E-01
  4  0.4360109E-01
  5  0.1149653E-01
  6 -0.9745031E-02
  7  0.1708455E+00
  8  0.2451350E+00
  9  0.2061922E+00
 10  0.1357596E+00
 11  0.3769631E+00
 12 -0.5994218E-01
 13  0.4697366E-01
 14  0.1164186E+00
 15  0.1428402E+00
 16  0.1124312E+00
 17  0.1043445E-01
 18  0.5301072E-01
 19  0.2803327E+00
 20  0.4201916E+00
 21  0.4728855E+00
 22  0.4084901E+00
  1 -0.6892027E-02
  2 -0.4290756E-02
  3 -0.1099506E-01
  4 -0.2628088E-01
  5 -0.6724419E-01
  6 -0.1139866E+00
  7 -0.1016641E+00
  8 -0.1186930E+00
  9 -0.1882971E+00
 10 -0.3110664E+00
 11 -0.2772767E+00
 12 -0.6441497E-01
 13 -0.1304658E-01
 14  0.1057940E-01
 15  0.3901906E-02
 16 -0.6646649E-01
 17 -0.2008610E+00
 18 -0.3407933E+00
 19 -0.2997763E+00
 20 -0.2870382E+00
 21 -0.3704397E+00
 22 -0.5227348E+00
  1  0.3016531E-01
  2  0.5663973E-01
  3  0.6282820E-01
  4  0.5120054E-01
  5 -0.2664093E-02
  6 -0.4420730E-01
  7  0.1625097E+00
  8  0.2392411E+00
  9  0.1631480E+00
 10  0.2616917E-01
 11  0.3739443E+00
 12 -0.8833135E-01
 13  0.6904442E-01
 14  0.1732216E+00
 15  0.2083265E+00
 16  0.1559882E+00
 17 -0.2314431E-01
 18 -0.5680624E-01
 19  0.2691844E+00
 20  0.4525074E+00
 21  0.4578910E+00
 22  0.3682554E+00
  1 -0.4019787E-02
  2  0.2028678E-02
  3  0.6950099E-03
  4 -0.1555320E-01
  5 -0.6773529E-01
  6 -0.1225471E+00
  7 -0.4953354E-01
  8 -0.6290779E-01
  9 -0.1523762E+00
 10 -0.2849728E+00
 11 -0.2482312E+00
 12 -0.6784800E-01
 13  0.1078205E-01
 14  0.5210696E-01
 15  0.5250143E-01
 16 -0.2605348E-01
 17 -0.2014214E+00
 18 -0.3821428E+00
 19 -0.2955483E+00
 20 -0.2777222E+00
 21 -0.3510176E+00
 22 -0.5678982E+00
  1  0.1726669E-01
  2  0.4719981E-01
  3  0.5422622E-01
  4  0.3774724E-01
  5 -0.2293823E-01
  6 -0.7892893E-01
  7  0.1445612E+00
  8  0.2275863E+00
  9  0.1454120E+00
 10 -0.1288700E-01
 11  0.3827659E+00
 12 -0.9710936E-01
 13  0.8012625E-01
 14  0.1907843E+00
 15  0.2290987E+00
 16  0.1529425E+00
 17 -0.5709350E-01
 18 -0.1040097E+00
 19  0.2625292E+00
 20  0.4419389E+00
 21  0.4475474E+00
 22  0.3729667E+00
  1 -0.5376239E-02
  2  0.1481641E-02
  3 -0.1206479E-02
  4 -0.1858401E-01
  5 -0.7772264E-01
  6 -0.1383852E+00
  7 -0.4449155E-01
  8 -0.3725268E-01
  9 -0.1371787E+00
 10 -0.2910577E+00
 11 -0.2215053E+00
 12 -0.7998743E-01
 13  0.9419002E-02
 14  0.5691617E-01
 15  0.5666217E-01
 16 -0.3052180E-01
 17 -0.2143299E+00
 18 -0.3667061E+00
 19 -0.2671610E+00
 20 -0.2498893E+00
 21 -0.3789825E+00
 22 -0.5888463E+00
  1  0.2862429E-01
  2  0.5811031E-01
  3  0.6384267E-01
  4  0.4615855E-01
  5 -0.3593023E-01
  6 -0.1082778E+00
  7  0.1572463E+00
  8  0.2600165E+00
  9  0.1572838E+00
 10 -0.2839950E-01
 11  0.4385437E+00
 12 -0.1185810E+00
 13  0.8561062E-01
 14  0.2155439E+00
 15  0.2589300E+00
 16  0.1682614E+00
 17 -0.8257584E-01
 18 -0.1387004E+00
 19  0.2178294E+00
 20  0.4319496E+00
 21  0.3890132E+00
 22  0.3029155E+00
  1  0.1780036E-02
  2  0.1382753E-01
  3  0.1325998E-01
  4 -0.1013847E-01
  5 -0.7726388E-01
  6 -0.1447763E+00
  7 -0.2107666E-01
  8  0.8306834E-02
  9 -0.1036032E+00
 10 -0.2964921E+00
 11 -0.1854849E+00
 12 -0.9929504E-01
 13  0.1158313E-01
 14  0.6934401E-01
 15  0.6988575E-01
 16 -0.3425924E-01
 17 -0.2534100E+00
 18 -0.4092277E+00
 19 -0.2494372E+00
 20 -0.2310435E+00
 21 -0.3887444E+00
 22 -0.5654839E+00
