  1 -0.1393438E+00
  2 -0.2279593E+00
  3 -0.2773573E+00
  4 -0.2995690E+00
  5 -0.2989906E+00
  6 -0.2611034E+00
  7 -0.1485987E+00
  8 -0.5963615E-01
  9  0.1573330E-01
 10  0.1296262E+00
 11  0.2492456E+00
 12  0.1395752E+00
 13  0.2268025E+00
 14  0.2776465E+00
 15  0.2988749E+00
 16  0.2984700E+00
 17  0.2614504E+00
 18  0.1480781E+00
 19  0.5888419E-01
 20 -0.1608036E-01
 21 -0.1292213E+00
 22 -0.2498818E+00
  1 -0.1301280E+00
  2 -0.2206923E+00
  3 -0.2746692E+00
  4 -0.3006948E+00
  5 -0.3029706E+00
  6 -0.2667331E+00
  7 -0.1512519E+00
  8 -0.6197125E-01
  9  0.1417986E-01
 10  0.1282606E+00
 11  0.2491104E+00
 12  0.1297195E+00
 13  0.2200505E+00
 14  0.2748442E+00
 15  0.3001696E+00
 16  0.3039042E+00
 17  0.2677835E+00
 18  0.1509601E+00
 19  0.6150442E-01
 20 -0.1429657E-01
 21 -0.1283190E+00
 22 -0.2488770E+00
  1 -0.1328391E+00
  2 -0.2222914E+00
  3 -0.2748796E+00
  4 -0.2999216E+00
  5 -0.3027170E+00
  6 -0.2686482E+00
  7 -0.1610841E+00
  8 -0.7681486E-01
  9 -0.4309553E-02
 10  0.1066323E+00
 11  0.2330070E+00
 12  0.1331302E+00
 13  0.2226408E+00
 14  0.2763355E+00
 15  0.3012028E+00
 16  0.3034740E+00
 17  0.2664352E+00
 18  0.1497278E+00
 19  0.6027550E-01
 20 -0.1671408E-01
 21 -0.1313831E+00
 22 -0.2550207E+00
  1 -0.1213921E+00
  2 -0.2111370E+00
  3 -0.2671911E+00
  4 -0.2947510E+00
  5 -0.2994222E+00
  6 -0.2635710E+00
  7 -0.1402520E+00
  8 -0.4671174E-01
  9  0.3322372E-01
 10  0.1519883E+00
 11  0.2833067E+00
 12  0.1218008E+00
 13  0.2135894E+00
 14  0.2723878E+00
 15  0.3023417E+00
 16  0.3130854E+00
 17  0.2861094E+00
 18  0.1916933E+00
 19  0.1183559E+00
 20  0.5342655E-01
 21 -0.5009834E-01
 22 -0.1868469E+00
  1 -0.8091326E-04
  2 -0.1473885E-03
  3  0.9405992E-03
  4  0.9882448E-03
  5  0.4658679E-03
  6 -0.2488439E-02
  7 -0.2549319E-03
  8 -0.4560460E-02
  9  0.9887060E-03
 10 -0.1476252E+00
 11 -0.9890280E+00
 12  0.7305255E-04
 13  0.1329304E-03
 14  0.1702688E-03
 15  0.1878952E-03
 16  0.1880958E-03
 17  0.1547479E-03
 18  0.4028618E-04
 19 -0.4700389E-04
 20 -0.1191741E-03
 21 -0.2214236E-03
 22 -0.3437059E-03
  1 -0.1123686E+00
  2 -0.1950891E+00
  3 -0.2457161E+00
  4 -0.2697792E+00
  5 -0.2713074E+00
  6 -0.2326842E+00
  7 -0.1119796E+00
  8 -0.1892261E-01
  9  0.6051901E-01
 10  0.1845024E+00
 11  0.3500544E+00
 12  0.1155363E+00
 13  0.2024525E+00
 14  0.2586090E+00
 15  0.2883406E+00
 16  0.3025950E+00
 17  0.2857286E+00
 18  0.2296555E+00
 19  0.1976732E+00
 20  0.1661911E+00
 21  0.1207324E+00
 22  0.6079688E-01
  1 -0.1002329E+00
  2 -0.1759618E+00
  3 -0.2255420E+00
  4 -0.2527634E+00
  5 -0.2690438E+00
  6 -0.2595091E+00
  7 -0.2349574E+00
  8 -0.2309529E+00
  9 -0.2272344E+00
 10 -0.2173660E+00
 11 -0.1774874E+00
 12  0.8767104E-01
 13  0.1585850E+00
 14  0.2022774E+00
 15  0.2223717E+00
 16  0.2206316E+00
 17  0.1780833E+00
 18  0.3382415E-01
 19 -0.7439405E-01
 20 -0.1589902E+00
 21 -0.2748838E+00
 22 -0.3930179E+00
  1 -0.8485794E-01
  2 -0.1541136E+00
  3 -0.1966590E+00
  4 -0.2170817E+00
  5 -0.2161269E+00
  6 -0.1760732E+00
  7 -0.4340703E-01
  8  0.5654091E-01
  9  0.1376729E+00
 10  0.2547136E+00
 11  0.3924330E+00
 12  0.9745622E-01
 13  0.1704378E+00
 14  0.2181762E+00
 15  0.2453521E+00
 16  0.2610011E+00
 17  0.2527574E+00
 18  0.2330100E+00
 19  0.2360373E+00
 20  0.2408112E+00
 21  0.2449563E+00
 22  0.2372017E+00
  1 -0.8972547E-01
  2 -0.1655144E+00
  3 -0.2159937E+00
  4 -0.2450787E+00
  5 -0.2638628E+00
  6 -0.2570577E+00
  7 -0.2324939E+00
  8 -0.2302332E+00
  9 -0.2325405E+00
 10 -0.2330765E+00
 11 -0.2174852E+00
 12  0.8382922E-01
 13  0.1534655E+00
 14  0.1958113E+00
 15  0.2150382E+00
 16  0.2131504E+00
 17  0.1706648E+00
 18  0.2384134E-01
 19 -0.8485466E-01
 20 -0.1688470E+00
 21 -0.2810389E+00
 22 -0.3929276E+00
  1 -0.8239213E-01
  2 -0.1498184E+00
  3 -0.1918599E+00
  4 -0.2110299E+00
  5 -0.2094305E+00
  6 -0.1689884E+00
  7 -0.2906345E-01
  8  0.7533191E-01
  9  0.1580211E+00
 10  0.2717615E+00
 11  0.3929278E+00
 12  0.8700755E-01
 13  0.1606487E+00
 14  0.2107328E+00
 15  0.2384711E+00
 16  0.2573669E+00
 17  0.2506494E+00
 18  0.2303827E+00
 19  0.2342441E+00
 20  0.2399334E+00
 21  0.2494156E+00
 22  0.2565672E+00
  1 -0.9021344E-01
  2 -0.1670004E+00
  3 -0.2177648E+00
  4 -0.2472745E+00
  5 -0.2662281E+00
  6 -0.2579967E+00
  7 -0.2337532E+00
  8 -0.2346783E+00
  9 -0.2372640E+00
 10 -0.2403952E+00
 11 -0.2301949E+00
 12  0.8475746E-01
 13  0.1542619E+00
 14  0.1963204E+00
 15  0.2160094E+00
 16  0.2124511E+00
 17  0.1684237E+00
 18  0.2253557E-01
 19 -0.8409326E-01
 20 -0.1647232E+00
 21 -0.2699761E+00
 22 -0.3793329E+00
  1 -0.9124594E-01
  2 -0.1654997E+00
  3 -0.2112593E+00
  4 -0.2324001E+00
  5 -0.2303382E+00
  6 -0.1851500E+00
  7 -0.3107778E-01
  8  0.8302312E-01
  9  0.1705675E+00
 10  0.2864322E+00
 11  0.3941487E+00
 12  0.9604051E-01
 13  0.1757596E+00
 14  0.2268851E+00
 15  0.2570437E+00
 16  0.2737627E+00
 17  0.2577145E+00
 18  0.2089987E+00
 19  0.1929505E+00
 20  0.1859946E+00
 21  0.1872119E+00
 22  0.2331951E+00
  1 -0.9711098E-01
  2 -0.1795589E+00
  3 -0.2338638E+00
  4 -0.2653767E+00
  5 -0.2845673E+00
  6 -0.2756923E+00
  7 -0.2491958E+00
  8 -0.2492987E+00
  9 -0.2524628E+00
 10 -0.2563473E+00
 11 -0.2443595E+00
 12  0.9103994E-01
 13  0.1661048E+00
 14  0.2106858E+00
 15  0.2311884E+00
 16  0.2267638E+00
 17  0.1785299E+00
 18  0.2428418E-01
 19 -0.7817756E-01
 20 -0.1480975E+00
 21 -0.2209500E+00
 22 -0.2614408E+00
  1 -0.1069472E+00
  2 -0.1904231E+00
  3 -0.2420207E+00
  4 -0.2656896E+00
  5 -0.2617964E+00
  6 -0.2096064E+00
  7 -0.3416331E-01
  8  0.8319372E-01
  9  0.1640742E+00
 10  0.2522612E+00
 11  0.2887096E+00
 12  0.1094016E+00
 13  0.1977297E+00
 14  0.2546027E+00
 15  0.2864245E+00
 16  0.2999093E+00
 17  0.2755069E+00
 18  0.1989145E+00
 19  0.1653719E+00
 20  0.1510972E+00
 21  0.1527334E+00
 22  0.2276331E+00
  1 -0.1176205E+00
  2 -0.2141723E+00
  3 -0.2758667E+00
  4 -0.3095519E+00
  5 -0.3231556E+00
  6 -0.2964727E+00
  7 -0.2125374E+00
  8 -0.1729912E+00
  9 -0.1563337E+00
 10 -0.1518301E+00
 11 -0.1812275E+00
 12  0.1132402E+00
 13  0.2032215E+00
 14  0.2586848E+00
 15  0.2845348E+00
 16  0.2809565E+00
 17  0.2266963E+00
 18  0.4926302E-01
 19 -0.6209547E-01
 20 -0.1303604E+00
 21 -0.1891861E+00
 22 -0.1709245E+00
  1 -0.1118087E+00
  2 -0.2117459E+00
  3 -0.2750165E+00
  4 -0.3072109E+00
  5 -0.3106309E+00
  6 -0.2577519E+00
  7 -0.7606281E-01
  8  0.3627206E-01
  9  0.1060867E+00
 10  0.1670225E+00
 11  0.1450554E+00
 12  0.1252258E+00
 13  0.2248341E+00
 14  0.2897490E+00
 15  0.3238835E+00
 16  0.3337490E+00
 17  0.2961615E+00
 18  0.1785651E+00
 19  0.1178595E+00
 20  0.8467865E-01
 21  0.7744396E-01
 22  0.1711660E+00
  1 -0.1188113E+00
  2 -0.2270810E+00
  3 -0.2976720E+00
  4 -0.3364292E+00
  5 -0.3492323E+00
  6 -0.3076222E+00
  7 -0.1643876E+00
  8 -0.9170913E-01
  9 -0.5441315E-01
 10 -0.3910511E-01
 11 -0.1116096E+00
 12  0.1158193E+00
 13  0.2204359E+00
 14  0.2882088E+00
 15  0.3236261E+00
 16  0.3291578E+00
 17  0.2753361E+00
 18  0.9508386E-01
 19 -0.9880650E-02
 20 -0.7149555E-01
 21 -0.1141145E+00
 22 -0.4815077E-01
  1 -0.1206265E+00
  2 -0.2292188E+00
  3 -0.2995664E+00
  4 -0.3349902E+00
  5 -0.3409179E+00
  6 -0.2870324E+00
  7 -0.1036288E+00
  8  0.5356415E-03
  9  0.5359986E-01
 10  0.7956061E-01
 11  0.2678207E-02
 12  0.1216977E+00
 13  0.2310757E+00
 14  0.3013162E+00
 15  0.3391325E+00
 16  0.3477027E+00
 17  0.2994593E+00
 18  0.1354102E+00
 19  0.4160149E-01
 20 -0.6606244E-02
 21 -0.2146137E-01
 22  0.8505987E-01
  1 -0.1230542E+00
  2 -0.2330213E+00
  3 -0.3031178E+00
  4 -0.3403711E+00
  5 -0.3481157E+00
  6 -0.2957675E+00
  7 -0.1231976E+00
  8 -0.3373951E-01
  9  0.9895967E-02
 10  0.2036561E-01
 11 -0.8121147E-01
 12  0.1235562E+00
 13  0.2314796E+00
 14  0.3014684E+00
 15  0.3364987E+00
 16  0.3418770E+00
 17  0.2869472E+00
 18  0.1056645E+00
 19  0.4589434E-02
 20 -0.4478284E-01
 21 -0.5890969E-01
 22  0.4352791E-01
  1 -0.1235929E+00
  2 -0.2325369E+00
  3 -0.3025620E+00
  4 -0.3381171E+00
  5 -0.3431447E+00
  6 -0.2880940E+00
  7 -0.1115844E+00
  8 -0.1334673E-01
  9  0.3725509E-01
 10  0.5468903E-01
 11 -0.4839545E-01
 12  0.1239184E+00
 13  0.2333688E+00
 14  0.3040450E+00
 15  0.3398894E+00
 16  0.3465085E+00
 17  0.2932663E+00
 18  0.1168652E+00
 19  0.1927861E-01
 20 -0.3020194E-01
 21 -0.4466994E-01
 22  0.6239323E-01
  1 -0.1239374E+00
  2 -0.2329704E+00
  3 -0.3030786E+00
  4 -0.3385668E+00
  5 -0.3439207E+00
  6 -0.2863293E+00
  7 -0.1005680E+00
  8 -0.4594292E-02
  9  0.4091452E-01
 10  0.5053721E-01
 11 -0.5462505E-01
 12  0.1242991E+00
 13  0.2332598E+00
 14  0.3038021E+00
 15  0.3402309E+00
 16  0.3459466E+00
 17  0.2926962E+00
 18  0.1125421E+00
 19  0.1125059E-01
 20 -0.3657346E-01
 21 -0.3715227E-01
 22  0.8656804E-01
  1 -0.1257704E+00
  2 -0.2357742E+00
  3 -0.3059809E+00
  4 -0.3413198E+00
  5 -0.3477352E+00
  6 -0.2929689E+00
  7 -0.1163467E+00
  8 -0.2232696E-01
  9  0.2265317E-01
 10  0.2986594E-01
 11 -0.8002912E-01
 12  0.1252992E+00
 13  0.2316423E+00
 14  0.3013778E+00
 15  0.3363543E+00
 16  0.3397613E+00
 17  0.2822041E+00
 18  0.9561449E-01
 19 -0.8155141E-02
 20 -0.5617986E-01
 21 -0.6027556E-01
 22  0.7401244E-01
  1 -0.1125924E+00
  2 -0.2243356E+00
  3 -0.2992987E+00
  4 -0.3397345E+00
  5 -0.3497419E+00
  6 -0.2940919E+00
  7 -0.1014403E+00
  8 -0.9601192E-03
  9  0.4656578E-01
 10  0.4807981E-01
 11 -0.7256286E-01
 12  0.1127032E+00
 13  0.2251110E+00
 14  0.3002588E+00
 15  0.3396606E+00
 16  0.3492618E+00
 17  0.2954582E+00
 18  0.1052438E+00
 19  0.7127039E-02
 20 -0.3522899E-01
 21 -0.3135158E-01
 22  0.1077918E+00
  1 -0.1137093E+00
  2 -0.2268635E+00
  3 -0.3016829E+00
  4 -0.3414978E+00
  5 -0.3521546E+00
  6 -0.2973906E+00
  7 -0.1064197E+00
  8 -0.7252527E-02
  9  0.3504155E-01
 10  0.3019419E-01
 11 -0.1096390E+00
 12  0.1134872E+00
 13  0.2247173E+00
 14  0.2985747E+00
 15  0.3373535E+00
 16  0.3455311E+00
 17  0.2866228E+00
 18  0.8640128E-01
 19 -0.1661421E-01
 20 -0.5975934E-01
 21 -0.5135973E-01
 22  0.9028656E-01
  1 -0.1162830E+00
  2 -0.2266551E+00
  3 -0.3014137E+00
  4 -0.3407819E+00
  5 -0.3491834E+00
  6 -0.2897037E+00
  7 -0.9003750E-01
  8  0.1211900E-01
  9  0.5427529E-01
 10  0.4345741E-01
 11 -0.1030487E+00
 12  0.1144242E+00
 13  0.2267295E+00
 14  0.3006703E+00
 15  0.3393321E+00
 16  0.3478080E+00
 17  0.2894434E+00
 18  0.8873639E-01
 19 -0.1390340E-01
 20 -0.5524184E-01
 21 -0.4516745E-01
 22  0.1029744E+00
  1 -0.1150784E+00
  2 -0.2268455E+00
  3 -0.3004763E+00
  4 -0.3393567E+00
  5 -0.3465746E+00
  6 -0.2868217E+00
  7 -0.8579722E-01
  8  0.1484523E-01
  9  0.5737178E-01
 10  0.4732613E-01
 11 -0.1004564E+00
 12  0.1153761E+00
 13  0.2282965E+00
 14  0.3020389E+00
 15  0.3412542E+00
 16  0.3495883E+00
 17  0.2912864E+00
 18  0.8698782E-01
 19 -0.1800774E-01
 20 -0.5889722E-01
 21 -0.4271258E-01
 22  0.1044375E+00
  1 -0.1154621E+00
  2 -0.2272165E+00
  3 -0.3015197E+00
  4 -0.3383343E+00
  5 -0.3432778E+00
  6 -0.2800976E+00
  7 -0.6771180E-01
  8  0.3760102E-01
  9  0.7759891E-01
 10  0.5640152E-01
 11 -0.9310372E-01
 12  0.1174845E+00
 13  0.2298007E+00
 14  0.3034672E+00
 15  0.3430531E+00
 16  0.3488581E+00
 17  0.2887114E+00
 18  0.8827251E-01
 19 -0.1250871E-01
 20 -0.5003482E-01
 21 -0.3082235E-01
 22  0.1290194E+00
  1 -0.1123207E+00
  2 -0.2242266E+00
  3 -0.2983529E+00
  4 -0.3360948E+00
  5 -0.3483109E+00
  6 -0.2878712E+00
  7 -0.7691646E-01
  8  0.2609127E-01
  9  0.6217415E-01
 10  0.3585665E-01
 11 -0.1266105E+00
 12  0.1089273E+00
 13  0.2241889E+00
 14  0.3018971E+00
 15  0.3432586E+00
 16  0.3497814E+00
 17  0.2906236E+00
 18  0.7748203E-01
 19 -0.2971087E-01
 20 -0.6911170E-01
 21 -0.4754493E-01
 22  0.1064765E+00
  1 -0.1052866E+00
  2 -0.2209111E+00
  3 -0.2994182E+00
  4 -0.3429061E+00
  5 -0.3564484E+00
  6 -0.2987316E+00
  7 -0.9010394E-01
  8  0.1194011E-01
  9  0.4901929E-01
 10  0.2620720E-01
 11 -0.1300442E+00
 12  0.1022729E+00
 13  0.2167911E+00
 14  0.2949931E+00
 15  0.3365737E+00
 16  0.3463013E+00
 17  0.2830912E+00
 18  0.6622373E-01
 19 -0.3704103E-01
 20 -0.7122102E-01
 21 -0.3936802E-01
 22  0.1345837E+00
  1 -0.1053589E+00
  2 -0.2206956E+00
  3 -0.2988355E+00
  4 -0.3397786E+00
  5 -0.3509415E+00
  6 -0.2875197E+00
  7 -0.7003538E-01
  8  0.3486478E-01
  9  0.6961486E-01
 10  0.4132546E-01
 11 -0.1207652E+00
 12  0.1039444E+00
 13  0.2195487E+00
 14  0.2973828E+00
 15  0.3391670E+00
 16  0.3497946E+00
 17  0.2878638E+00
 18  0.7133516E-01
 19 -0.3023908E-01
 20 -0.6227491E-01
 21 -0.2683670E-01
 22  0.1550947E+00
  1 -0.1052293E+00
  2 -0.2198930E+00
  3 -0.2978124E+00
  4 -0.3405152E+00
  5 -0.3510955E+00
  6 -0.2887218E+00
  7 -0.7134970E-01
  8  0.2975450E-01
  9  0.6046389E-01
 10  0.2276468E-01
 11 -0.1439216E+00
 12  0.1056113E+00
 13  0.2202750E+00
 14  0.2986909E+00
 15  0.3392166E+00
 16  0.3467412E+00
 17  0.2811590E+00
 18  0.5481092E-01
 19 -0.4850862E-01
 20 -0.7910343E-01
 21 -0.3704989E-01
 22  0.1490399E+00
  1 -0.1060523E+00
  2 -0.2202743E+00
  3 -0.2974067E+00
  4 -0.3377181E+00
  5 -0.3459645E+00
  6 -0.2791496E+00
  7 -0.5197139E-01
  8  0.5051388E-01
  9  0.7809132E-01
 10  0.3455810E-01
 11 -0.1398049E+00
 12  0.1070112E+00
 13  0.2213099E+00
 14  0.2992478E+00
 15  0.3407482E+00
 16  0.3500302E+00
 17  0.2848262E+00
 18  0.5960408E-01
 19 -0.4299625E-01
 20 -0.7172435E-01
 21 -0.2746237E-01
 22  0.1642756E+00
  1 -0.1038943E+00
  2 -0.2182741E+00
  3 -0.2945144E+00
  4 -0.3369172E+00
  5 -0.3449829E+00
  6 -0.2832224E+00
  7 -0.5841894E-01
  8  0.4029025E-01
  9  0.6925007E-01
 10  0.2757712E-01
 11 -0.1557839E+00
 12  0.1049313E+00
 13  0.2203865E+00
 14  0.2984705E+00
 15  0.3404891E+00
 16  0.3511282E+00
 17  0.2871401E+00
 18  0.6348883E-01
 19 -0.4082797E-01
 20 -0.7209229E-01
 21 -0.2915186E-01
 22  0.1585492E+00
  1 -0.9371047E-01
  2 -0.2109269E+00
  3 -0.2927277E+00
  4 -0.3380942E+00
  5 -0.3533731E+00
  6 -0.2928061E+00
  7 -0.6691367E-01
  8  0.3467131E-01
  9  0.6315272E-01
 10  0.1841301E-01
 11 -0.1685378E+00
 12  0.9363212E-01
 13  0.2111228E+00
 14  0.2922184E+00
 15  0.3376241E+00
 16  0.3516885E+00
 17  0.2855192E+00
 18  0.5253585E-01
 19 -0.5265338E-01
 20 -0.8211420E-01
 21 -0.3220318E-01
 22  0.1627005E+00
  1 -0.9360792E-01
  2 -0.2112259E+00
  3 -0.2934173E+00
  4 -0.3383773E+00
  5 -0.3495192E+00
  6 -0.2861593E+00
  7 -0.5009946E-01
  8  0.5406190E-01
  9  0.8073977E-01
 10  0.3005183E-01
 11 -0.1576348E+00
 12  0.9517720E-01
 13  0.2118144E+00
 14  0.2941234E+00
 15  0.3384950E+00
 16  0.3515201E+00
 17  0.2867478E+00
 18  0.5390498E-01
 19 -0.4633317E-01
 20 -0.6975476E-01
 21 -0.1259352E-01
 22  0.1827434E+00
  1 -0.9637743E-01
  2 -0.2147088E+00
  3 -0.2970656E+00
  4 -0.3410912E+00
  5 -0.3550727E+00
  6 -0.2896036E+00
  7 -0.5706455E-01
  8  0.4151220E-01
  9  0.6142392E-01
 10  0.1649491E-02
 11 -0.1867067E+00
 12  0.9347118E-01
 13  0.2103101E+00
 14  0.2907425E+00
 15  0.3345326E+00
 16  0.3438404E+00
 17  0.2745618E+00
 18  0.3251855E-01
 19 -0.7010338E-01
 20 -0.9036857E-01
 21 -0.2647041E-01
 22  0.1691121E+00
  1 -0.9486714E-01
  2 -0.2125544E+00
  3 -0.2931935E+00
  4 -0.3358778E+00
  5 -0.3458886E+00
  6 -0.2745511E+00
  7 -0.2975683E-01
  8  0.7606713E-01
  9  0.9861138E-01
 10  0.3618115E-01
 11 -0.1461041E+00
 12  0.9723192E-01
 13  0.2139733E+00
 14  0.2956371E+00
 15  0.3404891E+00
 16  0.3517612E+00
 17  0.2846014E+00
 18  0.4871449E-01
 19 -0.5218284E-01
 20 -0.7106167E-01
 21 -0.5793714E-02
 22  0.1987204E+00
  1 -0.8391596E-01
  2 -0.2055619E+00
  3 -0.2930415E+00
  4 -0.3423683E+00
  5 -0.3618775E+00
  6 -0.2982560E+00
  7 -0.5929283E-01
  8  0.4062918E-01
  9  0.5631309E-01
 10 -0.1296590E-01
 11 -0.2141790E+00
 12  0.7952688E-01
 13  0.1987568E+00
 14  0.2828137E+00
 15  0.3301473E+00
 16  0.3450058E+00
 17  0.2727470E+00
 18  0.1437524E-01
 19 -0.9249279E-01
 20 -0.1109551E+00
 21 -0.3978358E-01
 22  0.1497924E+00
  1 -0.8148257E-01
  2 -0.2011588E+00
  3 -0.2852092E+00
  4 -0.3318747E+00
  5 -0.3463313E+00
  6 -0.2742303E+00
  7 -0.1291994E-01
  8  0.8922645E-01
  9  0.1045322E+00
 10  0.3271434E-01
 11 -0.1500048E+00
 12  0.8394929E-01
 13  0.2052633E+00
 14  0.2911941E+00
 15  0.3404475E+00
 16  0.3580583E+00
 17  0.2926700E+00
 18  0.4638239E-01
 19 -0.5018356E-01
 20 -0.6138489E-01
 21  0.2013812E-01
 22  0.2259473E+00
  1 -0.8436602E-01
  2 -0.2053837E+00
  3 -0.2903202E+00
  4 -0.3397051E+00
  5 -0.3552907E+00
  6 -0.2872641E+00
  7 -0.4341559E-01
  8  0.4971096E-01
  9  0.5678051E-01
 10 -0.2318486E-01
 11 -0.2155092E+00
 12  0.8408079E-01
 13  0.2053226E+00
 14  0.2891181E+00
 15  0.3353656E+00
 16  0.3488324E+00
 17  0.2752643E+00
 18  0.1635979E-01
 19 -0.8544580E-01
 20 -0.9683450E-01
 21 -0.1868236E-01
 22  0.1663280E+00
  1 -0.8395062E-01
  2 -0.2046987E+00
  3 -0.2900819E+00
  4 -0.3368872E+00
  5 -0.3484094E+00
  6 -0.2729521E+00
  7 -0.1039662E-01
  8  0.9203461E-01
  9  0.1047439E+00
 10  0.2292167E-01
 11 -0.1611475E+00
 12  0.8542415E-01
 13  0.2058653E+00
 14  0.2915760E+00
 15  0.3388110E+00
 16  0.3543240E+00
 17  0.2824073E+00
 18  0.3389133E-01
 19 -0.5757023E-01
 20 -0.6391463E-01
 21  0.2480452E-01
 22  0.2180015E+00
  1 -0.7035940E-01
  2 -0.1950424E+00
  3 -0.2852305E+00
  4 -0.3370044E+00
  5 -0.3554424E+00
  6 -0.2853148E+00
  7 -0.2916364E-01
  8  0.6551284E-01
  9  0.7002225E-01
 10 -0.2421172E-01
 11 -0.2172944E+00
 12  0.7075977E-01
 13  0.1947052E+00
 14  0.2850198E+00
 15  0.3371519E+00
 16  0.3553792E+00
 17  0.2799836E+00
 18  0.4804415E-02
 19 -0.1011667E+00
 20 -0.1083522E+00
 21 -0.1538256E-01
 22  0.1781637E+00
  1 -0.7053600E-01
  2 -0.1945632E+00
  3 -0.2837853E+00
  4 -0.3361823E+00
  5 -0.3551631E+00
  6 -0.2822071E+00
  7 -0.1506676E-01
  8  0.8263571E-01
  9  0.8387724E-01
 10 -0.1388835E-01
 11 -0.2039063E+00
 12  0.7165128E-01
 13  0.1963729E+00
 14  0.2854057E+00
 15  0.3373397E+00
 16  0.3560469E+00
 17  0.2837222E+00
 18  0.1643455E-01
 19 -0.8027890E-01
 20 -0.8242527E-01
 21  0.1428817E-01
 22  0.2050426E+00
  1 -0.7071897E-01
  2 -0.1930710E+00
  3 -0.2812538E+00
  4 -0.3297480E+00
  5 -0.3454844E+00
  6 -0.2657912E+00
  7  0.1198662E-01
  8  0.1100073E+00
  9  0.1086380E+00
 10  0.4803075E-02
 11 -0.1806209E+00
 12  0.7434234E-01
 13  0.1981269E+00
 14  0.2898066E+00
 15  0.3415872E+00
 16  0.3578291E+00
 17  0.2849614E+00
 18  0.2136105E-01
 19 -0.7240426E-01
 20 -0.6819103E-01
 21  0.4032056E-01
 22  0.2377312E+00
  1 -0.7483189E-01
  2 -0.1986616E+00
  3 -0.2896212E+00
  4 -0.3412682E+00
  5 -0.3595152E+00
  6 -0.2859125E+00
  7 -0.2293064E-01
  8  0.5541925E-01
  9  0.4177107E-01
 10 -0.7286096E-01
 11 -0.2567300E+00
 12  0.7209801E-01
 13  0.1937872E+00
 14  0.2800845E+00
 15  0.3296545E+00
 16  0.3408655E+00
 17  0.2585737E+00
 18 -0.2471084E-01
 19 -0.1214561E+00
 20 -0.1181924E+00
 21 -0.1229184E-01
 22  0.1569329E+00
  1 -0.5514015E-01
  2 -0.1762264E+00
  3 -0.2636775E+00
  4 -0.3129022E+00
  5 -0.3249254E+00
  6 -0.2417880E+00
  7  0.5012158E-01
  8  0.1549135E+00
  9  0.1504929E+00
 10  0.4313830E-01
 11 -0.1169432E+00
 12  0.6511321E-01
 13  0.1916665E+00
 14  0.2866135E+00
 15  0.3438891E+00
 16  0.3703060E+00
 17  0.2981241E+00
 18  0.4307424E-01
 19 -0.3303710E-01
 20 -0.1125440E-01
 21  0.1149572E+00
 22  0.2933618E+00
  1 -0.5916346E-01
  2 -0.1827409E+00
  3 -0.2759071E+00
  4 -0.3306391E+00
  5 -0.3568920E+00
  6 -0.2911968E+00
  7 -0.4937639E-01
  8  0.1136224E-01
  9 -0.1839801E-01
 10 -0.1469110E+00
 11 -0.3201799E+00
 12  0.5584509E-01
 13  0.1757262E+00
 14  0.2622976E+00
 15  0.3125561E+00
 16  0.3226582E+00
 17  0.2356877E+00
 18 -0.7476816E-01
 19 -0.1795906E+00
 20 -0.1771333E+00
 21 -0.7310898E-01
 22  0.6145271E-01
  1 -0.5174664E-01
  2 -0.1653656E+00
  3 -0.2465336E+00
  4 -0.2913671E+00
  5 -0.2984836E+00
  6 -0.2092435E+00
  7  0.9009405E-01
  8  0.1941363E+00
  9  0.1918794E+00
 10  0.9958941E-01
 11 -0.8661717E-02
 12  0.6160799E-01
 13  0.1832380E+00
 14  0.2733931E+00
 15  0.3291249E+00
 16  0.3574890E+00
 17  0.3015335E+00
 18  0.7923641E-01
 19  0.2580216E-01
 20  0.5481688E-01
 21  0.1823231E+00
 22  0.3412635E+00
  1 -0.5754692E-01
  2 -0.1711169E+00
  3 -0.2569705E+00
  4 -0.3087456E+00
  5 -0.3363476E+00
  6 -0.2854488E+00
  7 -0.9631157E-01
  8 -0.6040427E-01
  9 -0.9724496E-01
 10 -0.2212537E+00
 11 -0.3770171E+00
 12  0.3505009E-01
 13  0.1386003E+00
 14  0.2154247E+00
 15  0.2590469E+00
 16  0.2680380E+00
 17  0.1836320E+00
 18 -0.1215705E+00
 19 -0.2303401E+00
 20 -0.2365500E+00
 21 -0.1626020E+00
 22 -0.9063498E-01
  1 -0.2813613E-01
  2 -0.1165046E+00
  3 -0.1805804E+00
  4 -0.2156383E+00
  5 -0.2159211E+00
  6 -0.1335925E+00
  7  0.1483678E+00
  8  0.2563533E+00
  9  0.2730253E+00
 10  0.2196815E+00
 11  0.1804639E+00
 12  0.5497444E-01
 13  0.1577021E+00
 14  0.2347728E+00
 15  0.2825094E+00
 16  0.3102795E+00
 17  0.2702799E+00
 18  0.1120620E+00
 19  0.9119701E-01
 20  0.1329769E+00
 21  0.2554881E+00
 22  0.4037061E+00
  1 -0.4524281E-01
  2 -0.1394683E+00
  3 -0.2106770E+00
  4 -0.2556158E+00
  5 -0.2871003E+00
  6 -0.2603590E+00
  7 -0.1326879E+00
  8 -0.1214076E+00
  9 -0.1641876E+00
 10 -0.2747102E+00
 11 -0.4008002E+00
 12  0.2394403E-01
 13  0.1037271E+00
 14  0.1605086E+00
 15  0.1907313E+00
 16  0.1890590E+00
 17  0.1087287E+00
 18 -0.1594140E+00
 19 -0.2628674E+00
 20 -0.2826915E+00
 21 -0.2554182E+00
 22 -0.2498996E+00
  1 -0.1230642E-01
  2 -0.8753677E-01
  3 -0.1420366E+00
  4 -0.1716160E+00
  5 -0.1694185E+00
  6 -0.9089173E-01
  7  0.1772272E+00
  8  0.2747995E+00
  9  0.2887908E+00
 10  0.2524575E+00
 11  0.2439016E+00
 12  0.3932196E-01
 13  0.1305067E+00
 14  0.2024114E+00
 15  0.2474763E+00
 16  0.2793265E+00
 17  0.2521645E+00
 18  0.1312539E+00
 19  0.1274154E+00
 20  0.1773444E+00
 21  0.2953542E+00
 22  0.4213046E+00
  1 -0.3790462E-01
  2 -0.1282869E+00
  3 -0.1993268E+00
  4 -0.2449890E+00
  5 -0.2781390E+00
  6 -0.2531440E+00
  7 -0.1362211E+00
  8 -0.1336009E+00
  9 -0.1812945E+00
 10 -0.2923734E+00
 11 -0.4165534E+00
 12  0.1183507E-01
 13  0.8605453E-01
 14  0.1399453E+00
 15  0.1673544E+00
 16  0.1650434E+00
 17  0.8568653E-01
 18 -0.1755389E+00
 19 -0.2729574E+00
 20 -0.2874569E+00
 21 -0.2530998E+00
 22 -0.2662891E+00
  1 -0.1227649E-01
  2 -0.8775085E-01
  3 -0.1418716E+00
  4 -0.1710227E+00
  5 -0.1673471E+00
  6 -0.8664969E-01
  7  0.1819599E+00
  8  0.2735053E+00
  9  0.2824188E+00
 10  0.2398752E+00
 11  0.2474791E+00
 12  0.3873418E-01
 13  0.1299373E+00
 14  0.2000844E+00
 15  0.2455149E+00
 16  0.2769874E+00
 17  0.2489672E+00
 18  0.1279731E+00
 19  0.1262618E+00
 20  0.1792219E+00
 21  0.3047099E+00
 22  0.4314032E+00
  1 -0.3864711E-01
  2 -0.1311350E+00
  3 -0.2024401E+00
  4 -0.2483412E+00
  5 -0.2796124E+00
  6 -0.2511148E+00
  7 -0.1269289E+00
  8 -0.1307235E+00
  9 -0.1844424E+00
 10 -0.3016334E+00
 11 -0.4242038E+00
 12  0.1248107E-01
 13  0.8890664E-01
 14  0.1427931E+00
 15  0.1719461E+00
 16  0.1663533E+00
 17  0.8296327E-01
 18 -0.1836042E+00
 19 -0.2719318E+00
 20 -0.2786524E+00
 21 -0.2362868E+00
 22 -0.2560371E+00
  1 -0.2884601E-02
  2 -0.7744395E-01
  3 -0.1333900E+00
  4 -0.1628433E+00
  5 -0.1611885E+00
  6 -0.8122430E-01
  7  0.1882886E+00
  8  0.2756312E+00
  9  0.2781211E+00
 10  0.2335768E+00
 11  0.2512032E+00
 12  0.3381056E-01
 13  0.1258445E+00
 14  0.1978988E+00
 15  0.2447053E+00
 16  0.2772254E+00
 17  0.2455858E+00
 18  0.1229447E+00
 19  0.1297311E+00
 20  0.1890021E+00
 21  0.3174428E+00
 22  0.4347853E+00
  1 -0.2747919E-01
  2 -0.1182392E+00
  3 -0.1906898E+00
  4 -0.2380218E+00
  5 -0.2737932E+00
  6 -0.2486443E+00
  7 -0.1305261E+00
  8 -0.1358525E+00
  9 -0.1932319E+00
 10 -0.3143007E+00
 11 -0.4296498E+00
 12 -0.6960587E-03
 13  0.7298024E-01
 14  0.1277419E+00
 15  0.1573244E+00
 16  0.1551757E+00
 17  0.7705067E-01
 18 -0.1887529E+00
 19 -0.2763504E+00
 20 -0.2796340E+00
 21 -0.2383396E+00
 22 -0.2753820E+00
  1 -0.1084193E-02
  2 -0.7374020E-01
  3 -0.1275282E+00
  4 -0.1565455E+00
  5 -0.1544072E+00
  6 -0.7395101E-01
  7  0.1914203E+00
  8  0.2776438E+00
  9  0.2796616E+00
 10  0.2337942E+00
 11  0.2721777E+00
 12  0.2824926E-01
 13  0.1180717E+00
 14  0.1894929E+00
 15  0.2358271E+00
 16  0.2692263E+00
 17  0.2411276E+00
 18  0.1222127E+00
 19  0.1302387E+00
 20  0.1923841E+00
 21  0.3251375E+00
 22  0.4385110E+00
  1 -0.2891323E-01
  2 -0.1199277E+00
  3 -0.1924595E+00
  4 -0.2385030E+00
  5 -0.2698413E+00
  6 -0.2398088E+00
  7 -0.1173007E+00
  8 -0.1274047E+00
  9 -0.1930191E+00
 10 -0.3248075E+00
 11 -0.4347554E+00
 12  0.2487160E-03
 13  0.7414844E-01
 14  0.1295344E+00
 15  0.1580279E+00
 16  0.1539863E+00
 17  0.6934511E-01
 18 -0.2006671E+00
 19 -0.2778934E+00
 20 -0.2735254E+00
 21 -0.2330935E+00
 22 -0.2763390E+00
  1 -0.5325906E-03
  2 -0.7270622E-01
  3 -0.1259957E+00
  4 -0.1545426E+00
  5 -0.1486536E+00
  6 -0.6342393E-01
  7  0.2007562E+00
  8  0.2763689E+00
  9  0.2717581E+00
 10  0.2279488E+00
 11  0.2756993E+00
 12  0.2935335E-01
 13  0.1196807E+00
 14  0.1904240E+00
 15  0.2355420E+00
 16  0.2669648E+00
 17  0.2368050E+00
 18  0.1168352E+00
 19  0.1323107E+00
 20  0.2003454E+00
 21  0.3346343E+00
 22  0.4390677E+00
  1 -0.1685413E-01
  2 -0.1080473E+00
  3 -0.1799073E+00
  4 -0.2270240E+00
  5 -0.2614807E+00
  6 -0.2317326E+00
  7 -0.1126467E+00
  8 -0.1325099E+00
  9 -0.2049312E+00
 10 -0.3371450E+00
 11 -0.4406864E+00
 12 -0.1152193E-01
 13  0.6018218E-01
 14  0.1164588E+00
 15  0.1463472E+00
 16  0.1452870E+00
 17  0.6440741E-01
 18 -0.2021092E+00
 19 -0.2799407E+00
 20 -0.2757466E+00
 21 -0.2341180E+00
 22 -0.2964674E+00
  1  0.1293247E-01
  2 -0.5450164E-01
  3 -0.1030995E+00
  4 -0.1297658E+00
  5 -0.1269793E+00
  6 -0.4762736E-01
  7  0.2101324E+00
  8  0.2852348E+00
  9  0.2789707E+00
 10  0.2405704E+00
 11  0.3005861E+00
 12  0.1828485E-01
 13  0.1045552E+00
 14  0.1745846E+00
 15  0.2209768E+00
 16  0.2555982E+00
 17  0.2317036E+00
 18  0.1180023E+00
 19  0.1367062E+00
 20  0.2062872E+00
 21  0.3410451E+00
 22  0.4453798E+00
  1 -0.1742370E-01
  2 -0.1047410E+00
  3 -0.1763939E+00
  4 -0.2215900E+00
  5 -0.2538597E+00
  6 -0.2258044E+00
  7 -0.1063090E+00
  8 -0.1309378E+00
  9 -0.2066903E+00
 10 -0.3421408E+00
 11 -0.4423462E+00
 12 -0.1164129E-01
 13  0.5796170E-01
 14  0.1100186E+00
 15  0.1383723E+00
 16  0.1346091E+00
 17  0.5126146E-01
 18 -0.2100863E+00
 19 -0.2819610E+00
 20 -0.2782055E+00
 21 -0.2400156E+00
 22 -0.3082877E+00
  1  0.1461690E-01
  2 -0.5281093E-01
  3 -0.1025522E+00
  4 -0.1302096E+00
  5 -0.1250281E+00
  6 -0.4302107E-01
  7  0.2160934E+00
  8  0.2843735E+00
  9  0.2743121E+00
 10  0.2289303E+00
 11  0.3004988E+00
 12  0.1868219E-01
 13  0.1050486E+00
 14  0.1748900E+00
 15  0.2212297E+00
 16  0.2525376E+00
 17  0.2218179E+00
 18  0.1067834E+00
 19  0.1385815E+00
 20  0.2187784E+00
 21  0.3531589E+00
 22  0.4465849E+00
  1 -0.1620966E-01
  2 -0.1027495E+00
  3 -0.1717921E+00
  4 -0.2160959E+00
  5 -0.2473715E+00
  6 -0.2162929E+00
  7 -0.1074231E+00
  8 -0.1392970E+00
  9 -0.2166337E+00
 10 -0.3486591E+00
 11 -0.4443945E+00
 12 -0.2257990E-01
 13  0.4417510E-01
 14  0.9539458E-01
 15  0.1232767E+00
 16  0.1218527E+00
 17  0.4259958E-01
 18 -0.2152779E+00
 19 -0.2825707E+00
 20 -0.2772987E+00
 21 -0.2413572E+00
 22 -0.3214208E+00
  1  0.2493094E-01
  2 -0.3850900E-01
  3 -0.8905963E-01
  4 -0.1149442E+00
  5 -0.1092224E+00
  6 -0.2645980E-01
  7  0.2292451E+00
  8  0.2849348E+00
  9  0.2695933E+00
 10  0.2290786E+00
 11  0.3172451E+00
 12  0.7576162E-02
 13  0.9363864E-01
 14  0.1638525E+00
 15  0.2116481E+00
 16  0.2442385E+00
 17  0.2156141E+00
 18  0.1030085E+00
 19  0.1379149E+00
 20  0.2209726E+00
 21  0.3615366E+00
 22  0.4569462E+00
  1 -0.5626048E-02
  2 -0.9086181E-01
  3 -0.1609095E+00
  4 -0.2070294E+00
  5 -0.2414024E+00
  6 -0.2151525E+00
  7 -0.1074963E+00
  8 -0.1427067E+00
  9 -0.2235269E+00
 10 -0.3571437E+00
 11 -0.4409406E+00
 12 -0.2403441E-01
 13  0.4264834E-01
 14  0.9197332E-01
 15  0.1185048E+00
 16  0.1147135E+00
 17  0.3202051E-01
 18 -0.2231767E+00
 19 -0.2859235E+00
 20 -0.2755926E+00
 21 -0.2433361E+00
 22 -0.3297291E+00
  1  0.2615082E-01
  2 -0.3709907E-01
  3 -0.8424282E-01
  4 -0.1095955E+00
  5 -0.1042870E+00
  6 -0.2275490E-01
  7  0.2280460E+00
  8  0.2873051E+00
  9  0.2713495E+00
 10  0.2314494E+00
 11  0.3269341E+00
 12  0.7815879E-02
 13  0.9190810E-01
 14  0.1609710E+00
 15  0.2070907E+00
 16  0.2399204E+00
 17  0.2118645E+00
 18  0.1009890E+00
 19  0.1403093E+00
 20  0.2251621E+00
 21  0.3678508E+00
 22  0.4507232E+00
  1 -0.5128086E-02
  2 -0.8877051E-01
  3 -0.1583031E+00
  4 -0.2033939E+00
  5 -0.2351941E+00
  6 -0.2063220E+00
  7 -0.9955770E-01
  8 -0.1397100E+00
  9 -0.2249455E+00
 10 -0.3627135E+00
 11 -0.4443001E+00
 12 -0.3576006E-01
 13  0.2755967E-01
 14  0.7673164E-01
 15  0.1043065E+00
 16  0.1031155E+00
 17  0.2535975E-01
 18 -0.2259544E+00
 19 -0.2874535E+00
 20 -0.2773491E+00
 21 -0.2450558E+00
 22 -0.3435742E+00
  1  0.3581185E-01
  2 -0.2337062E-01
  3 -0.7051747E-01
  4 -0.9630702E-01
  5 -0.9317274E-01
  6 -0.1510351E-01
  7  0.2290306E+00
  8  0.2806318E+00
  9  0.2659118E+00
 10  0.2343773E+00
 11  0.3432067E+00
 12  0.6445542E-02
 13  0.8848239E-01
 14  0.1559099E+00
 15  0.2001289E+00
 16  0.2327917E+00
 17  0.2045022E+00
 18  0.1042718E+00
 19  0.1494569E+00
 20  0.2355499E+00
 21  0.3745715E+00
 22  0.4507012E+00
  1 -0.4305786E-02
  2 -0.8654023E-01
  3 -0.1536514E+00
  4 -0.1986650E+00
  5 -0.2283583E+00
  6 -0.2005223E+00
  7 -0.1037937E+00
  8 -0.1500809E+00
  9 -0.2370078E+00
 10 -0.3705781E+00
 11 -0.4389931E+00
 12 -0.3706160E-01
 13  0.2464456E-01
 14  0.7269804E-01
 15  0.9953340E-01
 16  0.9439374E-01
 17  0.1400139E-01
 18 -0.2320046E+00
 19 -0.2856222E+00
 20 -0.2715829E+00
 21 -0.2437621E+00
 22 -0.3502620E+00
  1  0.3821491E-01
  2 -0.2371721E-01
  3 -0.7237322E-01
  4 -0.9798044E-01
  5 -0.9255629E-01
  6 -0.9503787E-02
  7  0.2354742E+00
  8  0.2863122E+00
  9  0.2659524E+00
 10  0.2302575E+00
 11  0.3457012E+00
 12 -0.3925979E-02
 13  0.7850420E-01
 14  0.1473279E+00
 15  0.1937789E+00
 16  0.2289975E+00
 17  0.2022301E+00
 18  0.9843373E-01
 19  0.1474508E+00
 20  0.2382247E+00
 21  0.3795522E+00
 22  0.4503197E+00
  1  0.6383901E-02
  2 -0.7327967E-01
  3 -0.1401154E+00
  4 -0.1855011E+00
  5 -0.2194109E+00
  6 -0.1982614E+00
  7 -0.1057399E+00
  8 -0.1535140E+00
  9 -0.2434745E+00
 10 -0.3751405E+00
 11 -0.4382736E+00
 12 -0.4792432E-01
 13  0.1076251E-01
 14  0.5621588E-01
 15  0.8182659E-01
 16  0.7925801E-01
 17  0.1840065E-02
 18 -0.2364597E+00
 19 -0.2876511E+00
 20 -0.2737868E+00
 21 -0.2469443E+00
 22 -0.3648362E+00
  1  0.4617549E-01
  2 -0.9744328E-02
  3 -0.5244914E-01
  4 -0.7684664E-01
  5 -0.7171033E-01
  6  0.4967553E-02
  7  0.2382077E+00
  8  0.2861883E+00
  9  0.2703317E+00
 10  0.2442612E+00
 11  0.3670706E+00
 12 -0.4519959E-02
 13  0.7446193E-01
 14  0.1396638E+00
 15  0.1842250E+00
 16  0.2184109E+00
 17  0.1949966E+00
 18  0.1030125E+00
 19  0.1542950E+00
 20  0.2448042E+00
 21  0.3810854E+00
 22  0.4398962E+00
  1  0.6924303E-02
  2 -0.7183021E-01
  3 -0.1397834E+00
  4 -0.1849347E+00
  5 -0.2195939E+00
  6 -0.1953513E+00
  7 -0.1001007E+00
  8 -0.1508412E+00
  9 -0.2416868E+00
 10 -0.3741839E+00
 11 -0.4320675E+00
 12 -0.4842487E-01
 13  0.7686127E-02
 14  0.5258096E-01
 15  0.7734402E-01
 16  0.7201879E-01
 17 -0.4088205E-02
 18 -0.2414153E+00
 19 -0.2895309E+00
 20 -0.2734798E+00
 21 -0.2493881E+00
 22 -0.3759489E+00
  1  0.4976732E-01
  2 -0.6017787E-02
  3 -0.4944083E-01
  4 -0.7217634E-01
  5 -0.6644794E-01
  6  0.1254757E-01
  7  0.2488440E+00
  8  0.2879485E+00
  9  0.2670754E+00
 10  0.2424404E+00
 11  0.3779482E+00
 12 -0.5134782E-02
 13  0.7224312E-01
 14  0.1368879E+00
 15  0.1797100E+00
 16  0.2108006E+00
 17  0.1848893E+00
 18  0.9603972E-01
 19  0.1539544E+00
 20  0.2487772E+00
 21  0.3852348E+00
 22  0.4351431E+00
  1  0.1583493E-01
  2 -0.6420047E-01
  3 -0.1327125E+00
  4 -0.1791781E+00
  5 -0.2152604E+00
  6 -0.1917019E+00
  7 -0.9629682E-01
  8 -0.1528667E+00
  9 -0.2448442E+00
 10 -0.3770294E+00
 11 -0.4273414E+00
 12 -0.5375500E-01
 13  0.1659488E-02
 14  0.4685339E-01
 15  0.7051273E-01
 16  0.6341725E-01
 17 -0.1834742E-01
 18 -0.2536380E+00
 19 -0.2912789E+00
 20 -0.2697676E+00
 21 -0.2469070E+00
 22 -0.3848771E+00
  1  0.6160527E-01
  2  0.8725440E-02
  3 -0.3517682E-01
  4 -0.5881650E-01
  5 -0.5409467E-01
  6  0.2172191E-01
  7  0.2519299E+00
  8  0.2879472E+00
  9  0.2657057E+00
 10  0.2407901E+00
 11  0.3878619E+00
 12 -0.1841358E-01
 13  0.5905335E-01
 14  0.1249755E+00
 15  0.1697335E+00
 16  0.2037107E+00
 17  0.1798037E+00
 18  0.9162477E-01
 19  0.1547734E+00
 20  0.2536108E+00
 21  0.3924767E+00
 22  0.4357142E+00
  1  0.1797302E-01
  2 -0.5887120E-01
  3 -0.1231890E+00
  4 -0.1679680E+00
  5 -0.2030150E+00
  6 -0.1814908E+00
  7 -0.9907264E-01
  8 -0.1603787E+00
  9 -0.2530383E+00
 10 -0.3786247E+00
 11 -0.4209388E+00
 12 -0.6305167E-01
 13 -0.1177724E-01
 14  0.2933071E-01
 15  0.5185880E-01
 16  0.4595520E-01
 17 -0.2888869E-01
 18 -0.2535253E+00
 19 -0.2903253E+00
 20 -0.2733637E+00
 21 -0.2560350E+00
 22 -0.3988752E+00
  1  0.6338312E-01
  2  0.1434772E-01
  3 -0.2507376E-01
  4 -0.4681118E-01
  5 -0.3956049E-01
  6  0.3519252E-01
  7  0.2550763E+00
  8  0.2910224E+00
  9  0.2696142E+00
 10  0.2481329E+00
 11  0.3949977E+00
 12 -0.1684266E-01
 13  0.5863469E-01
 14  0.1219373E+00
 15  0.1664438E+00
 16  0.1977805E+00
 17  0.1741993E+00
 18  0.9384185E-01
 19  0.1597565E+00
 20  0.2556104E+00
 21  0.3879665E+00
 22  0.4291512E+00
  1  0.2032705E-01
  2 -0.5721774E-01
  3 -0.1229457E+00
  4 -0.1670535E+00
  5 -0.2003357E+00
  6 -0.1788006E+00
  7 -0.9345796E-01
  8 -0.1584658E+00
  9 -0.2558033E+00
 10 -0.3828144E+00
 11 -0.4217882E+00
 12 -0.6507753E-01
 13 -0.1256018E-01
 14  0.3052542E-01
 15  0.5355499E-01
 16  0.4624500E-01
 17 -0.3373903E-01
 18 -0.2523806E+00
 19 -0.2867391E+00
 20 -0.2691069E+00
 21 -0.2507157E+00
 22 -0.4059447E+00
  1  0.6512783E-01
  2  0.1775744E-01
  3 -0.2016248E-01
  4 -0.3921835E-01
  5 -0.3091875E-01
  6  0.4512028E-01
  7  0.2585268E+00
  8  0.2854618E+00
  9  0.2602752E+00
 10  0.2402825E+00
 11  0.4041349E+00
 12 -0.1865011E-01
 13  0.5555932E-01
 14  0.1182674E+00
 15  0.1607539E+00
 16  0.1930006E+00
 17  0.1708167E+00
 18  0.9637119E-01
 19  0.1656968E+00
 20  0.2640894E+00
 21  0.3926261E+00
 22  0.4278385E+00
  1  0.1886177E-01
  2 -0.5603229E-01
  3 -0.1192317E+00
  4 -0.1612984E+00
  5 -0.1944576E+00
  6 -0.1724547E+00
  7 -0.9590155E-01
  8 -0.1622864E+00
  9 -0.2565879E+00
 10 -0.3817554E+00
 11 -0.4217353E+00
 12 -0.7361104E-01
 13 -0.2702439E-01
 14  0.1134803E-01
 15  0.3231129E-01
 16  0.2796821E-01
 17 -0.4320952E-01
 18 -0.2536237E+00
 19 -0.2864290E+00
 20 -0.2685775E+00
 21 -0.2544643E+00
 22 -0.4129459E+00
  1  0.7787819E-01
  2  0.2890744E-01
  3 -0.1295366E-01
  4 -0.3595460E-01
  5 -0.3304823E-01
  6  0.4046259E-01
  7  0.2557839E+00
  8  0.2852539E+00
  9  0.2614639E+00
 10  0.2396739E+00
 11  0.4112278E+00
 12 -0.3348574E-01
 13  0.4150951E-01
 14  0.1059653E+00
 15  0.1501468E+00
 16  0.1853513E+00
 17  0.1637176E+00
 18  0.8785517E-01
 19  0.1630067E+00
 20  0.2671984E+00
 21  0.4011493E+00
 22  0.4275722E+00
  1  0.3139452E-01
  2 -0.4145560E-01
  3 -0.1049033E+00
  4 -0.1490237E+00
  5 -0.1833025E+00
  6 -0.1638920E+00
  7 -0.9612159E-01
  8 -0.1697136E+00
  9 -0.2665923E+00
 10 -0.3891270E+00
 11 -0.4199462E+00
 12 -0.7795259E-01
 13 -0.3155350E-01
 14  0.6692249E-02
 15  0.2820737E-01
 16  0.2315791E-01
 17 -0.4775419E-01
 18 -0.2598924E+00
 19 -0.2869188E+00
 20 -0.2645634E+00
 21 -0.2518224E+00
 22 -0.4156084E+00
  1  0.7826504E-01
  2  0.3356770E-01
  3 -0.3411897E-02
  4 -0.2466548E-01
  5 -0.1805773E-01
  6  0.5434451E-01
  7  0.2575461E+00
  8  0.2818838E+00
  9  0.2591924E+00
 10  0.2473774E+00
 11  0.4183895E+00
 12 -0.2947790E-01
 13  0.4267851E-01
 14  0.1046737E+00
 15  0.1498851E+00
 16  0.1851438E+00
 17  0.1652237E+00
 18  0.9317905E-01
 19  0.1651269E+00
 20  0.2650850E+00
 21  0.3941113E+00
 22  0.4247365E+00
  1  0.3020669E-01
  2 -0.4313626E-01
  3 -0.1070081E+00
  4 -0.1515759E+00
  5 -0.1879535E+00
  6 -0.1705182E+00
  7 -0.1004152E+00
  8 -0.1711662E+00
  9 -0.2677613E+00
 10 -0.3885654E+00
 11 -0.4168432E+00
 12 -0.7747950E-01
 13 -0.3205269E-01
 14  0.6253816E-02
 15  0.2735103E-01
 16  0.1947725E-01
 17 -0.5433285E-01
 18 -0.2539803E+00
 19 -0.2809847E+00
 20 -0.2598649E+00
 21 -0.2505218E+00
 22 -0.4215223E+00
  1  0.7944951E-01
  2  0.3672500E-01
  3  0.2323343E-02
  4 -0.1618988E-01
  5 -0.8418443E-02
  6  0.6264204E-01
  7  0.2612217E+00
  8  0.2781395E+00
  9  0.2534576E+00
 10  0.2454730E+00
 11  0.4217309E+00
 12 -0.3054902E-01
 13  0.3963653E-01
 14  0.1007860E+00
 15  0.1422018E+00
 16  0.1759197E+00
 17  0.1580462E+00
 18  0.9832300E-01
 19  0.1755448E+00
 20  0.2758970E+00
 21  0.4011149E+00
 22  0.4169151E+00
  1  0.3014863E-01
  2 -0.4000294E-01
  3 -0.1002197E+00
  4 -0.1423384E+00
  5 -0.1768358E+00
  6 -0.1584231E+00
  7 -0.9708619E-01
  8 -0.1715499E+00
  9 -0.2690315E+00
 10 -0.3890915E+00
 11 -0.4160628E+00
 12 -0.8645584E-01
 13 -0.4523759E-01
 14 -0.1134783E-01
 15  0.7775095E-02
 16  0.3133466E-02
 17 -0.6326233E-01
 18 -0.2547918E+00
 19 -0.2770775E+00
 20 -0.2622008E+00
 21 -0.2571272E+00
 22 -0.4298925E+00
  1  0.8458902E-01
  2  0.4643662E-01
  3  0.1346183E-01
  4 -0.4733829E-02
  5  0.1415922E-02
  6  0.6773885E-01
  7  0.2573386E+00
  8  0.2757103E+00
  9  0.2541334E+00
 10  0.2497518E+00
 11  0.4267843E+00
 12 -0.2945963E-01
 13  0.3802561E-01
 14  0.9630384E-01
 15  0.1374924E+00
 16  0.1707208E+00
 17  0.1534057E+00
 18  0.9904411E-01
 19  0.1765254E+00
 20  0.2750693E+00
 21  0.3959229E+00
 22  0.4218884E+00
  1  0.2945539E-01
  2 -0.3968497E-01
  3 -0.9962595E-01
  4 -0.1415092E+00
  5 -0.1753756E+00
  6 -0.1573542E+00
  7 -0.9662963E-01
  8 -0.1712258E+00
  9 -0.2647502E+00
 10 -0.3846395E+00
 11 -0.4171928E+00
 12 -0.8561651E-01
 13 -0.4581546E-01
 14 -0.1217393E-01
 15  0.5876567E-02
 16 -0.1603360E-02
 17 -0.6876309E-01
 18 -0.2551373E+00
 19 -0.2799568E+00
 20 -0.2617902E+00
 21 -0.2580103E+00
 22 -0.4340824E+00
  1  0.8907304E-01
  2  0.5096089E-01
  3  0.1926588E-01
  4  0.5208950E-03
  5  0.7046552E-02
  6  0.7277337E-01
  7  0.2609684E+00
  8  0.2780133E+00
  9  0.2524388E+00
 10  0.2471430E+00
 11  0.4276476E+00
 12 -0.3517488E-01
 13  0.3121753E-01
 14  0.9012207E-01
 15  0.1308893E+00
 16  0.1658472E+00
 17  0.1480499E+00
 18  0.9575786E-01
 19  0.1800488E+00
 20  0.2826362E+00
 21  0.4001704E+00
 22  0.4149363E+00
  1  0.3879444E-01
  2 -0.2931588E-01
  3 -0.8859507E-01
  4 -0.1286407E+00
  5 -0.1612010E+00
  6 -0.1517442E+00
  7 -0.1027147E+00
  8 -0.1814457E+00
  9 -0.2766314E+00
 10 -0.3889774E+00
 11 -0.4106042E+00
 12 -0.8832591E-01
 13 -0.4852033E-01
 14 -0.1585094E-01
 15  0.1978640E-02
 16 -0.3862713E-02
 17 -0.7114375E-01
 18 -0.2583798E+00
 19 -0.2774825E+00
 20 -0.2589472E+00
 21 -0.2591800E+00
 22 -0.4368721E+00
  1  0.9001915E-01
  2  0.5112967E-01
  3  0.1963633E-01
  4  0.2241261E-02
  5  0.9008422E-02
  6  0.7456169E-01
  7  0.2565448E+00
  8  0.2742652E+00
  9  0.2550555E+00
 10  0.2512742E+00
 11  0.4350070E+00
 12 -0.4096446E-01
 13  0.2523949E-01
 14  0.8444492E-01
 15  0.1273470E+00
 16  0.1632795E+00
 17  0.1499476E+00
 18  0.9745868E-01
 19  0.1791924E+00
 20  0.2799985E+00
 21  0.3974261E+00
 22  0.4147634E+00
  1  0.4071426E-01
  2 -0.2612765E-01
  3 -0.8601870E-01
  4 -0.1284233E+00
  5 -0.1648097E+00
  6 -0.1537787E+00
  7 -0.1038257E+00
  8 -0.1828571E+00
  9 -0.2778231E+00
 10 -0.3862098E+00
 11 -0.4068074E+00
 12 -0.8887482E-01
 13 -0.4969791E-01
 14 -0.1699099E-01
 15  0.1194907E-02
 16 -0.3992737E-02
 17 -0.7179640E-01
 18 -0.2597027E+00
 19 -0.2800234E+00
 20 -0.2602492E+00
 21 -0.2612037E+00
 22 -0.4350407E+00
  1  0.8858483E-01
  2  0.5104344E-01
  3  0.1965297E-01
  4  0.2357500E-02
  5  0.9179961E-02
  6  0.7474703E-01
  7  0.2553101E+00
  8  0.2726984E+00
  9  0.2531312E+00
 10  0.2539313E+00
 11  0.4367875E+00
 12 -0.4011321E-01
 13  0.2592535E-01
 14  0.8414844E-01
 15  0.1256833E+00
 16  0.1613030E+00
 17  0.1499298E+00
 18  0.1048230E+00
 19  0.1871497E+00
 20  0.2843430E+00
 21  0.3973816E+00
 22  0.4076331E+00
  1  0.3913308E-01
  2 -0.2641836E-01
  3 -0.8465177E-01
  4 -0.1257274E+00
  5 -0.1616111E+00
  6 -0.1503657E+00
  7 -0.1043878E+00
  8 -0.1817286E+00
  9 -0.2744684E+00
 10 -0.3802407E+00
 11 -0.4082979E+00
 12 -0.8969527E-01
 13 -0.5482870E-01
 14 -0.2509038E-01
 15 -0.8681327E-02
 16 -0.1566736E-01
 17 -0.8034290E-01
 18 -0.2586880E+00
 19 -0.2761001E+00
 20 -0.2621351E+00
 21 -0.2655186E+00
 22 -0.4412502E+00
  1  0.9142515E-01
  2  0.5650490E-01
  3  0.2692309E-01
  4  0.1202723E-01
  5  0.2071706E-01
  6  0.8703126E-01
  7  0.2586730E+00
  8  0.2718266E+00
  9  0.2522710E+00
 10  0.2542301E+00
 11  0.4357021E+00
 12 -0.4155307E-01
 13  0.2155666E-01
 14  0.7789364E-01
 15  0.1178935E+00
 16  0.1521350E+00
 17  0.1404296E+00
 18  0.1026058E+00
 19  0.1895111E+00
 20  0.2876740E+00
 21  0.3987318E+00
 22  0.4092127E+00
  1  0.4148862E-01
  2 -0.2221599E-01
  3 -0.7839321E-01
  4 -0.1186707E+00
  5 -0.1545050E+00
  6 -0.1435625E+00
  7 -0.9951072E-01
  8 -0.1826358E+00
  9 -0.2753233E+00
 10 -0.3818122E+00
 11 -0.4066476E+00
 12 -0.9727152E-01
 13 -0.6399330E-01
 14 -0.3436965E-01
 15 -0.1721651E-01
 16 -0.2217374E-01
 17 -0.8215338E-01
 18 -0.2551142E+00
 19 -0.2772527E+00
 20 -0.2628317E+00
 21 -0.2691409E+00
 22 -0.4439888E+00
  1  0.9476214E-01
  2  0.6309511E-01
  3  0.3408406E-01
  4  0.1896062E-01
  5  0.2531042E-01
  6  0.8624113E-01
  7  0.2562244E+00
  8  0.2681525E+00
  9  0.2491236E+00
 10  0.2553300E+00
 11  0.4408191E+00
 12 -0.4052944E-01
 13  0.2154833E-01
 14  0.7642967E-01
 15  0.1153819E+00
 16  0.1483326E+00
 17  0.1370600E+00
 18  0.1024092E+00
 19  0.1886230E+00
 20  0.2854062E+00
 21  0.3969782E+00
 22  0.4136925E+00
  1  0.4057216E-01
  2 -0.2166340E-01
  3 -0.7711618E-01
  4 -0.1158819E+00
  5 -0.1502942E+00
  6 -0.1407983E+00
  7 -0.1080540E+00
  8 -0.1914408E+00
  9 -0.2830361E+00
 10 -0.3839613E+00
 11 -0.4035968E+00
 12 -0.9543663E-01
 13 -0.6175800E-01
 14 -0.3291038E-01
 15 -0.1661784E-01
 16 -0.2250779E-01
 17 -0.8356675E-01
 18 -0.2506172E+00
 19 -0.2734641E+00
 20 -0.2604661E+00
 21 -0.2676918E+00
 22 -0.4455117E+00
  1  0.1059023E+00
  2  0.6228501E-01
  3  0.2378818E-01
  4  0.4060776E-02
  5  0.1004597E-01
  6  0.8266518E-01
  7  0.2631959E+00
  8  0.2582280E+00
  9  0.2238005E+00
 10  0.2200194E+00
 11  0.4483808E+00
 12 -0.5362089E-01
 13  0.1996477E-01
 14  0.8391987E-01
 15  0.1287240E+00
 16  0.1654745E+00
 17  0.1465864E+00
 18  0.9500859E-01
 19  0.1965110E+00
 20  0.3082120E+00
 21  0.4197689E+00
 22  0.3837899E+00
  1  0.3784055E-01
  2 -0.2336913E-01
  3 -0.7809301E-01
  4 -0.1179401E+00
  5 -0.1507744E+00
  6 -0.1428766E+00
  7 -0.1102517E+00
  8 -0.1918038E+00
  9 -0.2822671E+00
 10 -0.3827091E+00
 11 -0.3984912E+00
 12 -0.9584787E-01
 13 -0.6554029E-01
 14 -0.3907691E-01
 15 -0.2476762E-01
 16 -0.3161149E-01
 17 -0.9199693E-01
 18 -0.2528243E+00
 19 -0.2701603E+00
 20 -0.2580467E+00
 21 -0.2714913E+00
 22 -0.4457564E+00
  1  0.1070175E+00
  2  0.6934625E-01
  3  0.3484949E-01
  4  0.1552785E-01
  5  0.1890620E-01
  6  0.8261664E-01
  7  0.2601875E+00
  8  0.2654785E+00
  9  0.2399723E+00
 10  0.2410149E+00
 11  0.4511072E+00
 12 -0.5038518E-01
 13  0.1801262E-01
 14  0.7818795E-01
 15  0.1198412E+00
 16  0.1545887E+00
 17  0.1379087E+00
 18  0.9437422E-01
 19  0.1903397E+00
 20  0.2967928E+00
 21  0.4085213E+00
 22  0.3890820E+00
  1  0.3732672E-01
  2 -0.2362952E-01
  3 -0.7792171E-01
  4 -0.1170738E+00
  5 -0.1527765E+00
  6 -0.1446628E+00
  7 -0.1121546E+00
  8 -0.1916467E+00
  9 -0.2821717E+00
 10 -0.3812802E+00
 11 -0.3974470E+00
 12 -0.9495428E-01
 13 -0.6482849E-01
 14 -0.3908501E-01
 15 -0.2512608E-01
 16 -0.3247465E-01
 17 -0.9250476E-01
 18 -0.2527707E+00
 19 -0.2685349E+00
 20 -0.2592603E+00
 21 -0.2719039E+00
 22 -0.4467596E+00
  1  0.1050838E+00
  2  0.7148819E-01
  3  0.4184021E-01
  4  0.2558141E-01
  5  0.3004199E-01
  6  0.9166486E-01
  7  0.2597319E+00
  8  0.2641926E+00
  9  0.2409975E+00
 10  0.2482831E+00
 11  0.4494626E+00
 12 -0.4572091E-01
 13  0.1984213E-01
 14  0.7713081E-01
 15  0.1181756E+00
 16  0.1512284E+00
 17  0.1367018E+00
 18  0.9896534E-01
 19  0.1918792E+00
 20  0.2939297E+00
 21  0.4048940E+00
 22  0.3901741E+00
  1  0.3998755E-01
  2 -0.2050992E-01
  3 -0.7460313E-01
  4 -0.1138572E+00
  5 -0.1492402E+00
  6 -0.1405133E+00
  7 -0.1084037E+00
  8 -0.1907966E+00
  9 -0.2824324E+00
 10 -0.3817697E+00
 11 -0.3976614E+00
 12 -0.9625399E-01
 13 -0.6533291E-01
 14 -0.3915900E-01
 15 -0.2423838E-01
 16 -0.3200090E-01
 17 -0.9158153E-01
 18 -0.2529987E+00
 19 -0.2696714E+00
 20 -0.2591788E+00
 21 -0.2716206E+00
 22 -0.4504236E+00
  1  0.1018844E+00
  2  0.6964636E-01
  3  0.4171344E-01
  4  0.2548003E-01
  5  0.3215932E-01
  6  0.9344583E-01
  7  0.2572460E+00
  8  0.2677083E+00
  9  0.2460542E+00
 10  0.2525762E+00
 11  0.4491435E+00
 12 -0.4477419E-01
 13  0.1871491E-01
 14  0.7560338E-01
 15  0.1150284E+00
 16  0.1493260E+00
 17  0.1377409E+00
 18  0.1010047E+00
 19  0.1914399E+00
 20  0.2899560E+00
 21  0.3990774E+00
 22  0.3948939E+00
  1  0.4160925E-01
  2 -0.1937123E-01
  3 -0.7384685E-01
  4 -0.1118590E+00
  5 -0.1454617E+00
  6 -0.1356464E+00
  7 -0.1062142E+00
  8 -0.1910503E+00
  9 -0.2831627E+00
 10 -0.3821143E+00
 11 -0.3976700E+00
 12 -0.9571628E-01
 13 -0.6435236E-01
 14 -0.3756163E-01
 15 -0.2423111E-01
 16 -0.3109773E-01
 17 -0.9130008E-01
 18 -0.2536212E+00
 19 -0.2720163E+00
 20 -0.2604878E+00
 21 -0.2726375E+00
 22 -0.4507191E+00
  1  0.9951685E-01
  2  0.6845971E-01
  3  0.4124895E-01
  4  0.2625441E-01
  5  0.3277438E-01
  6  0.9331100E-01
  7  0.2534552E+00
  8  0.2647640E+00
  9  0.2471796E+00
 10  0.2564848E+00
 11  0.4513091E+00
 12 -0.4306393E-01
 13  0.1854772E-01
 14  0.7384881E-01
 15  0.1123683E+00
 16  0.1461689E+00
 17  0.1355233E+00
 18  0.1090106E+00
 19  0.1983775E+00
 20  0.2940340E+00
 21  0.3956172E+00
 22  0.3925805E+00
  1  0.4026155E-01
  2 -0.1912272E-01
  3 -0.7316665E-01
  4 -0.1104142E+00
  5 -0.1428473E+00
  6 -0.1335151E+00
  7 -0.1042512E+00
  8 -0.1874242E+00
  9 -0.2796394E+00
 10 -0.3807889E+00
 11 -0.4023593E+00
 12 -0.9514834E-01
 13 -0.6450210E-01
 14 -0.3827915E-01
 15 -0.2517106E-01
 16 -0.3421996E-01
 17 -0.9497978E-01
 18 -0.2534300E+00
 19 -0.2717773E+00
 20 -0.2599301E+00
 21 -0.2729303E+00
 22 -0.4533218E+00
  1  0.9734473E-01
  2  0.6772463E-01
  3  0.4044837E-01
  4  0.2634421E-01
  5  0.3368413E-01
  6  0.9402087E-01
  7  0.2519490E+00
  8  0.2614546E+00
  9  0.2445612E+00
 10  0.2595563E+00
 11  0.4527586E+00
 12 -0.4211373E-01
 13  0.1959368E-01
 14  0.7317989E-01
 15  0.1121753E+00
 16  0.1451399E+00
 17  0.1349969E+00
 18  0.1078852E+00
 19  0.1979722E+00
 20  0.2943643E+00
 21  0.3952796E+00
 22  0.3956155E+00
  1  0.3890033E-01
  2 -0.1900394E-01
  3 -0.7112698E-01
  4 -0.1084524E+00
  5 -0.1409481E+00
  6 -0.1318398E+00
  7 -0.1097320E+00
  8 -0.1943376E+00
  9 -0.2832349E+00
 10 -0.3787205E+00
 11 -0.4004871E+00
 12 -0.9483597E-01
 13 -0.6782622E-01
 14 -0.4365788E-01
 15 -0.3053361E-01
 16 -0.3861816E-01
 17 -0.9746739E-01
 18 -0.2538627E+00
 19 -0.2687785E+00
 20 -0.2582922E+00
 21 -0.2768171E+00
 22 -0.4502805E+00
  1  0.9758452E-01
  2  0.6998586E-01
  3  0.4392230E-01
  4  0.3003364E-01
  5  0.3792748E-01
  6  0.9626117E-01
  7  0.2534696E+00
  8  0.2612444E+00
  9  0.2454104E+00
 10  0.2620715E+00
 11  0.4504054E+00
 12 -0.4009779E-01
 13  0.1890419E-01
 14  0.7163344E-01
 15  0.1092566E+00
 16  0.1423670E+00
 17  0.1338644E+00
 18  0.1106593E+00
 19  0.1985635E+00
 20  0.2930579E+00
 21  0.3937722E+00
 22  0.3974181E+00
  1  0.3758309E-01
  2 -0.2049227E-01
  3 -0.7155897E-01
  4 -0.1075539E+00
  5 -0.1425971E+00
  6 -0.1358199E+00
  7 -0.1156749E+00
  8 -0.1971103E+00
  9 -0.2843841E+00
 10 -0.3773291E+00
 11 -0.3967990E+00
 12 -0.9403167E-01
 13 -0.6678794E-01
 14 -0.4376227E-01
 15 -0.3084450E-01
 16 -0.3944134E-01
 17 -0.9664866E-01
 18 -0.2501960E+00
 19 -0.2665924E+00
 20 -0.2598795E+00
 21 -0.2794201E+00
 22 -0.4510163E+00
  1  0.1170920E+00
  2  0.7747668E-01
  3  0.4248021E-01
  4  0.2276024E-01
  5  0.2669421E-01
  6  0.9093237E-01
  7  0.2540042E+00
  8  0.2483413E+00
  9  0.2178551E+00
 10  0.2275940E+00
 11  0.4669231E+00
 12 -0.6516527E-01
 13  0.4184543E-02
 14  0.6688587E-01
 15  0.1128657E+00
 16  0.1516375E+00
 17  0.1405288E+00
 18  0.1021079E+00
 19  0.2033303E+00
 20  0.3113433E+00
 21  0.4196987E+00
 22  0.3693840E+00
  1  0.3709132E-01
  2 -0.2081518E-01
  3 -0.7194211E-01
  4 -0.1082737E+00
  5 -0.1403817E+00
  6 -0.1343297E+00
  7 -0.1136819E+00
  8 -0.1960992E+00
  9 -0.2816133E+00
 10 -0.3748471E+00
 11 -0.3953403E+00
 12 -0.9403851E-01
 13 -0.6769279E-01
 14 -0.4395460E-01
 15 -0.3176037E-01
 16 -0.4047145E-01
 17 -0.9779207E-01
 18 -0.2509797E+00
 19 -0.2696638E+00
 20 -0.2625494E+00
 21 -0.2818129E+00
 22 -0.4521330E+00
  1  0.1117498E+00
  2  0.7468822E-01
  3  0.4242115E-01
  4  0.2340775E-01
  5  0.2719003E-01
  6  0.8953483E-01
  7  0.2575951E+00
  8  0.2602631E+00
  9  0.2343600E+00
 10  0.2432586E+00
 11  0.4604100E+00
 12 -0.6135609E-01
 13  0.3758737E-02
 14  0.6243113E-01
 15  0.1054016E+00
 16  0.1425887E+00
 17  0.1327564E+00
 18  0.1040911E+00
 19  0.2040625E+00
 20  0.3068510E+00
 21  0.4072776E+00
 22  0.3760463E+00
  1  0.4060562E-01
  2 -0.1599417E-01
  3 -0.6720164E-01
  4 -0.1038055E+00
  5 -0.1380722E+00
  6 -0.1317789E+00
  7 -0.1105818E+00
  8 -0.1954880E+00
  9 -0.2820785E+00
 10 -0.3750210E+00
 11 -0.3972561E+00
 12 -0.9441133E-01
 13 -0.6684912E-01
 14 -0.4204183E-01
 15 -0.2974264E-01
 16 -0.3806613E-01
 17 -0.9518166E-01
 18 -0.2492349E+00
 19 -0.2697597E+00
 20 -0.2632772E+00
 21 -0.2832144E+00
 22 -0.4549200E+00
  1  0.1075845E+00
  2  0.7622909E-01
  3  0.4748418E-01
  4  0.3307106E-01
  5  0.3967492E-01
  6  0.9949419E-01
  7  0.2536754E+00
  8  0.2561232E+00
  9  0.2350841E+00
 10  0.2503846E+00
 11  0.4610573E+00
 12 -0.5709787E-01
 13  0.4999114E-02
 14  0.6205261E-01
 15  0.1017349E+00
 16  0.1387032E+00
 17  0.1305464E+00
 18  0.1049888E+00
 19  0.2010369E+00
 20  0.3021950E+00
 21  0.4046102E+00
 22  0.3835045E+00
  1  0.3960044E-01
  2 -0.1721646E-01
  3 -0.6797978E-01
  4 -0.1039455E+00
  5 -0.1367874E+00
  6 -0.1310702E+00
  7 -0.1107428E+00
  8 -0.1974137E+00
  9 -0.2837094E+00
 10 -0.3746035E+00
 11 -0.3960044E+00
 12 -0.9440594E-01
 13 -0.6746238E-01
 14 -0.4417942E-01
 15 -0.3201408E-01
 16 -0.4058350E-01
 17 -0.9707702E-01
 18 -0.2514172E+00
 19 -0.2711107E+00
 20 -0.2638283E+00
 21 -0.2831208E+00
 22 -0.4516183E+00
  1  0.1023663E+00
  2  0.7409561E-01
  3  0.4864504E-01
  4  0.3491358E-01
  5  0.4352012E-01
  6  0.1029512E+00
  7  0.2548259E+00
  8  0.2587602E+00
  9  0.2402241E+00
 10  0.2544987E+00
 11  0.4551368E+00
 12 -0.4876342E-01
 13  0.9762431E-02
 14  0.6411035E-01
 15  0.1028607E+00
 16  0.1385472E+00
 17  0.1306091E+00
 18  0.1091276E+00
 19  0.2028037E+00
 20  0.2979770E+00
 21  0.3997235E+00
 22  0.3891116E+00
  1  0.3981555E-01
  2 -0.1680497E-01
  3 -0.6813876E-01
  4 -0.1032435E+00
  5 -0.1347374E+00
  6 -0.1279171E+00
  7 -0.1101480E+00
  8 -0.1971430E+00
  9 -0.2842027E+00
 10 -0.3765686E+00
 11 -0.3960849E+00
 12 -0.9409361E-01
 13 -0.6696752E-01
 14 -0.4376929E-01
 15 -0.3073686E-01
 16 -0.3953731E-01
 17 -0.9677257E-01
 18 -0.2509034E+00
 19 -0.2715844E+00
 20 -0.2640069E+00
 21 -0.2849792E+00
 22 -0.4506735E+00
  1  0.9901446E-01
  2  0.7157172E-01
  3  0.4747159E-01
  4  0.3557862E-01
  5  0.4317969E-01
  6  0.1006390E+00
  7  0.2495584E+00
  8  0.2584029E+00
  9  0.2443507E+00
 10  0.2599405E+00
 11  0.4568931E+00
 12 -0.4507160E-01
 13  0.1169910E-01
 14  0.6352274E-01
 15  0.1012941E+00
 16  0.1362376E+00
 17  0.1303881E+00
 18  0.1128194E+00
 19  0.2064456E+00
 20  0.3002523E+00
 21  0.3954562E+00
 22  0.3880356E+00
  1  0.4024750E-01
  2 -0.1654042E-01
  3 -0.6609752E-01
  4 -0.1024569E+00
  5 -0.1337285E+00
  6 -0.1268056E+00
  7 -0.1109004E+00
  8 -0.1972467E+00
  9 -0.2844464E+00
 10 -0.3763041E+00
 11 -0.3973422E+00
 12 -0.9272388E-01
 13 -0.6594995E-01
 14 -0.4307053E-01
 15 -0.3074542E-01
 16 -0.3886806E-01
 17 -0.9688143E-01
 18 -0.2503840E+00
 19 -0.2697153E+00
 20 -0.2647237E+00
 21 -0.2858900E+00
 22 -0.4514226E+00
  1  0.9571043E-01
  2  0.7037131E-01
  3  0.4743711E-01
  4  0.3578851E-01
  5  0.4426729E-01
  6  0.1017130E+00
  7  0.2461311E+00
  8  0.2562369E+00
  9  0.2447957E+00
 10  0.2646832E+00
 11  0.4553652E+00
 12 -0.4253653E-01
 13  0.1269225E-01
 14  0.6377886E-01
 15  0.1007212E+00
 16  0.1348373E+00
 17  0.1285495E+00
 18  0.1157600E+00
 19  0.2075422E+00
 20  0.3003356E+00
 21  0.3939717E+00
 22  0.3920400E+00
  1  0.3739513E-01
  2 -0.1753625E-01
  3 -0.6700406E-01
  4 -0.1026934E+00
  5 -0.1340081E+00
  6 -0.1267003E+00
  7 -0.1113482E+00
  8 -0.1957689E+00
  9 -0.2823109E+00
 10 -0.3735547E+00
 11 -0.4020936E+00
 12 -0.9224467E-01
 13 -0.6564447E-01
 14 -0.4377137E-01
 15 -0.3393320E-01
 16 -0.4471553E-01
 17 -0.1018877E+00
 18 -0.2475783E+00
 19 -0.2676260E+00
 20 -0.2637298E+00
 21 -0.2841048E+00
 22 -0.4540352E+00
  1  0.1195559E+00
  2  0.8278310E-01
  3  0.5036947E-01
  4  0.3179972E-01
  5  0.3535545E-01
  6  0.9666818E-01
  7  0.2542989E+00
  8  0.2466889E+00
  9  0.2199488E+00
 10  0.2338874E+00
 11  0.4733741E+00
 12 -0.6759191E-01
 13 -0.1120695E-02
 14  0.5868816E-01
 15  0.1016989E+00
 16  0.1387808E+00
 17  0.1258186E+00
 18  0.9776415E-01
 19  0.2058618E+00
 20  0.3151131E+00
 21  0.4166925E+00
 22  0.3656638E+00
  1  0.3794288E-01
  2 -0.1781641E-01
  3 -0.6768096E-01
  4 -0.1028386E+00
  5 -0.1333383E+00
  6 -0.1261532E+00
  7 -0.1109615E+00
  8 -0.1959774E+00
  9 -0.2803764E+00
 10 -0.3714506E+00
 11 -0.4001910E+00
 12 -0.9191456E-01
 13 -0.6566989E-01
 14 -0.4379671E-01
 15 -0.3293566E-01
 16 -0.4396351E-01
 17 -0.1015230E+00
 18 -0.2472204E+00
 19 -0.2707018E+00
 20 -0.2655026E+00
 21 -0.2866897E+00
 22 -0.4548079E+00
  1  0.1115370E+00
  2  0.7863229E-01
  3  0.4853410E-01
  4  0.3151284E-01
  5  0.3769101E-01
  6  0.9682167E-01
  7  0.2505136E+00
  8  0.2489169E+00
  9  0.2275342E+00
 10  0.2461597E+00
 11  0.4682287E+00
 12 -0.6128107E-01
 13  0.1327415E-03
 14  0.5571731E-01
 15  0.9638172E-01
 16  0.1335911E+00
 17  0.1258541E+00
 18  0.1060643E+00
 19  0.2098037E+00
 20  0.3116013E+00
 21  0.4111119E+00
 22  0.3737660E+00
  1  0.3867406E-01
  2 -0.1635969E-01
  3 -0.6616900E-01
  4 -0.1009412E+00
  5 -0.1315388E+00
  6 -0.1250138E+00
  7 -0.1109106E+00
  8 -0.1959653E+00
  9 -0.2787416E+00
 10 -0.3699327E+00
 11 -0.4018342E+00
 12 -0.9120999E-01
 13 -0.6495613E-01
 14 -0.4329677E-01
 15 -0.3348096E-01
 16 -0.4357883E-01
 17 -0.1011762E+00
 18 -0.2467180E+00
 19 -0.2705774E+00
 20 -0.2669419E+00
 21 -0.2899050E+00
 22 -0.4549311E+00
  1  0.1065127E+00
  2  0.7569109E-01
  3  0.4834959E-01
  4  0.3348177E-01
  5  0.3933051E-01
  6  0.9664816E-01
  7  0.2459787E+00
  8  0.2500747E+00
  9  0.2318069E+00
 10  0.2510549E+00
 11  0.4688613E+00
 12 -0.5915792E-01
 13 -0.3279668E-03
 14  0.5435139E-01
 15  0.9347054E-01
 16  0.1294558E+00
 17  0.1228090E+00
 18  0.1094826E+00
 19  0.2101356E+00
 20  0.3099796E+00
 21  0.4064237E+00
 22  0.3801318E+00
  1  0.3886958E-01
  2 -0.1593659E-01
  3 -0.6393949E-01
  4 -0.9896198E-01
  5 -0.1288135E+00
  6 -0.1223466E+00
  7 -0.1109175E+00
  8 -0.1952513E+00
  9 -0.2788467E+00
 10 -0.3690959E+00
 11 -0.4046293E+00
 12 -0.8997507E-01
 13 -0.6449085E-01
 14 -0.4283503E-01
 15 -0.3216911E-01
 16 -0.4289733E-01
 17 -0.9973763E-01
 18 -0.2469611E+00
 19 -0.2701837E+00
 20 -0.2688256E+00
 21 -0.2910701E+00
 22 -0.4547130E+00
  1  0.1008201E+00
  2  0.7211133E-01
  3  0.4675629E-01
  4  0.3442854E-01
  5  0.4276820E-01
  6  0.1015299E+00
  7  0.2463149E+00
  8  0.2505293E+00
  9  0.2360309E+00
 10  0.2587799E+00
 11  0.4630501E+00
 12 -0.5119359E-01
 13  0.4619048E-02
 14  0.5633387E-01
 15  0.9289533E-01
 16  0.1268644E+00
 17  0.1206130E+00
 18  0.1115978E+00
 19  0.2122602E+00
 20  0.3079365E+00
 21  0.4022584E+00
 22  0.3864775E+00
  1  0.3888382E-01
  2 -0.1548604E-01
  3 -0.6289209E-01
  4 -0.9691659E-01
  5 -0.1271923E+00
  6 -0.1222900E+00
  7 -0.1127462E+00
  8 -0.1976617E+00
  9 -0.2811538E+00
 10 -0.3691677E+00
 11 -0.4053704E+00
 12 -0.8849559E-01
 13 -0.6355473E-01
 14 -0.4307745E-01
 15 -0.3286795E-01
 16 -0.4252218E-01
 17 -0.9907629E-01
 18 -0.2456077E+00
 19 -0.2665605E+00
 20 -0.2670268E+00
 21 -0.2925720E+00
 22 -0.4556509E+00
  1  0.9736498E-01
  2  0.7002742E-01
  3  0.4767991E-01
  4  0.3450915E-01
  5  0.4359446E-01
  6  0.1008234E+00
  7  0.2443759E+00
  8  0.2536800E+00
  9  0.2412277E+00
 10  0.2639344E+00
 11  0.4611137E+00
 12 -0.4531551E-01
 13  0.7893311E-02
 14  0.5653335E-01
 15  0.9220184E-01
 16  0.1235857E+00
 17  0.1150621E+00
 18  0.1077501E+00
 19  0.2085702E+00
 20  0.3039496E+00
 21  0.3990482E+00
 22  0.3955669E+00
  1  0.3712486E-01
  2 -0.1587853E-01
  3 -0.6361007E-01
  4 -0.9754124E-01
  5 -0.1297811E+00
  6 -0.1258467E+00
  7 -0.1170213E+00
  8 -0.1997186E+00
  9 -0.2811354E+00
 10 -0.3669934E+00
 11 -0.4051798E+00
 12 -0.8736939E-01
 13 -0.6480658E-01
 14 -0.4472977E-01
 15 -0.3482480E-01
 16 -0.4620817E-01
 17 -0.1007020E+00
 18 -0.2450001E+00
 19 -0.2665043E+00
 20 -0.2667263E+00
 21 -0.2927197E+00
 22 -0.4532712E+00
  1  0.1171178E+00
  2  0.8153512E-01
  3  0.4905532E-01
  4  0.3044203E-01
  5  0.3413977E-01
  6  0.9321516E-01
  7  0.2477485E+00
  8  0.2404133E+00
  9  0.2162333E+00
 10  0.2388136E+00
 11  0.4807904E+00
 12 -0.6537360E-01
 13 -0.1446941E-03
 14  0.5850867E-01
 15  0.1012336E+00
 16  0.1393043E+00
 17  0.1303493E+00
 18  0.1119048E+00
 19  0.2181666E+00
 20  0.3212249E+00
 21  0.4120245E+00
 22  0.3534274E+00
  1  0.3760492E-01
  2 -0.1578259E-01
  3 -0.6280001E-01
  4 -0.9764487E-01
  5 -0.1284081E+00
  6 -0.1243356E+00
  7 -0.1154487E+00
  8 -0.1984643E+00
  9 -0.2791852E+00
 10 -0.3646726E+00
 11 -0.4059506E+00
 12 -0.8688687E-01
 13 -0.6356286E-01
 14 -0.4350050E-01
 15 -0.3403094E-01
 16 -0.4453365E-01
 17 -0.1002938E+00
 18 -0.2443704E+00
 19 -0.2686135E+00
 20 -0.2689468E+00
 21 -0.2959770E+00
 22 -0.4538510E+00
  1  0.1086282E+00
  2  0.7687110E-01
  3  0.4880972E-01
  4  0.3323914E-01
  5  0.3846168E-01
  6  0.9622701E-01
  7  0.2423426E+00
  8  0.2411741E+00
  9  0.2246404E+00
 10  0.2481624E+00
 11  0.4790519E+00
 12 -0.6053898E-01
 13  0.4405007E-03
 14  0.5566734E-01
 15  0.9519295E-01
 16  0.1309258E+00
 17  0.1241129E+00
 18  0.1106814E+00
 19  0.2141916E+00
 20  0.3142151E+00
 21  0.4081388E+00
 22  0.3712450E+00
  1  0.4004131E-01
  2 -0.1245073E-01
  3 -0.5967307E-01
  4 -0.9438439E-01
  5 -0.1262679E+00
  6 -0.1220925E+00
  7 -0.1138232E+00
  8 -0.1960342E+00
  9 -0.2778322E+00
 10 -0.3631423E+00
 11 -0.4136447E+00
 12 -0.8683255E-01
 13 -0.6329072E-01
 14 -0.4321278E-01
 15 -0.3332756E-01
 16 -0.4400565E-01
 17 -0.9798394E-01
 18 -0.2429310E+00
 19 -0.2666537E+00
 20 -0.2682907E+00
 21 -0.2965686E+00
 22 -0.4552566E+00
  1  0.1020848E+00
  2  0.7305334E-01
  3  0.4751828E-01
  4  0.3340453E-01
  5  0.4063986E-01
  6  0.9927104E-01
  7  0.2444664E+00
  8  0.2459391E+00
  9  0.2311288E+00
 10  0.2581435E+00
 11  0.4704771E+00
 12 -0.5426849E-01
 13  0.1493501E-02
 14  0.5291013E-01
 15  0.8963779E-01
 16  0.1236834E+00
 17  0.1189014E+00
 18  0.1092092E+00
 19  0.2112628E+00
 20  0.3083993E+00
 21  0.4044373E+00
 22  0.3863282E+00
  1  0.3936379E-01
  2 -0.1311024E-01
  3 -0.5934945E-01
  4 -0.9382585E-01
  5 -0.1243472E+00
  6 -0.1213065E+00
  7 -0.1133995E+00
  8 -0.1967167E+00
  9 -0.2777601E+00
 10 -0.3615406E+00
 11 -0.4156778E+00
 12 -0.8805121E-01
 13 -0.6451956E-01
 14 -0.4483767E-01
 15 -0.3482228E-01
 16 -0.4494293E-01
 17 -0.9942304E-01
 18 -0.2441078E+00
 19 -0.2659312E+00
 20 -0.2682681E+00
 21 -0.2967232E+00
 22 -0.4540972E+00
  1  0.9738136E-01
  2  0.7167567E-01
  3  0.4859564E-01
  4  0.3621477E-01
  5  0.4399510E-01
  6  0.9996837E-01
  7  0.2394956E+00
  8  0.2498049E+00
  9  0.2385484E+00
 10  0.2658714E+00
 11  0.4661560E+00
 12 -0.4553828E-01
 13  0.6675296E-02
 14  0.5575419E-01
 15  0.9098957E-01
 16  0.1232900E+00
 17  0.1150135E+00
 18  0.1097880E+00
 19  0.2098788E+00
 20  0.3045830E+00
 21  0.4005822E+00
 22  0.3922349E+00
  1  0.3887999E-01
  2 -0.1240678E-01
  3 -0.5910178E-01
  4 -0.9171536E-01
  5 -0.1230925E+00
  6 -0.1197792E+00
  7 -0.1116430E+00
  8 -0.1972961E+00
  9 -0.2788495E+00
 10 -0.3631640E+00
 11 -0.4161884E+00
 12 -0.8833005E-01
 13 -0.6543723E-01
 14 -0.4515541E-01
 15 -0.3523358E-01
 16 -0.4550054E-01
 17 -0.9948235E-01
 18 -0.2438110E+00
 19 -0.2657014E+00
 20 -0.2670909E+00
 21 -0.2968654E+00
 22 -0.4536999E+00
  1  0.1125540E+00
  2  0.7210887E-01
  3  0.3783616E-01
  4  0.1859779E-01
  5  0.2594528E-01
  6  0.9178419E-01
  7  0.2485461E+00
  8  0.2396884E+00
  9  0.2117196E+00
 10  0.2378134E+00
 11  0.4913483E+00
 12 -0.7023382E-01
 13 -0.2235638E-02
 14  0.5959863E-01
 15  0.1038066E+00
 16  0.1418591E+00
 17  0.1291495E+00
 18  0.1086130E+00
 19  0.2188634E+00
 20  0.3225512E+00
 21  0.4145221E+00
 22  0.3429180E+00
  1  0.3880426E-01
  2 -0.1314255E-01
  3 -0.5960226E-01
  4 -0.9256405E-01
  5 -0.1215536E+00
  6 -0.1157894E+00
  7 -0.1102149E+00
  8 -0.1969998E+00
  9 -0.2787673E+00
 10 -0.3634952E+00
 11 -0.4156348E+00
 12 -0.8790815E-01
 13 -0.6432442E-01
 14 -0.4418295E-01
 15 -0.3433507E-01
 16 -0.4456843E-01
 17 -0.9832522E-01
 18 -0.2437968E+00
 19 -0.2676485E+00
 20 -0.2696633E+00
 21 -0.2983787E+00
 22 -0.4527676E+00
  1  0.1033812E+00
  2  0.6857613E-01
  3  0.3749742E-01
  4  0.2234297E-01
  5  0.3027062E-01
  6  0.9480249E-01
  7  0.2443403E+00
  8  0.2393845E+00
  9  0.2210092E+00
 10  0.2507820E+00
 11  0.4827138E+00
 12 -0.6360506E-01
 13 -0.2297871E-02
 14  0.5393486E-01
 15  0.9404037E-01
 16  0.1302586E+00
 17  0.1201825E+00
 18  0.1064795E+00
 19  0.2127254E+00
 20  0.3165777E+00
 21  0.4120313E+00
 22  0.3704704E+00
  1  0.3924226E-01
  2 -0.1271080E-01
  3 -0.5874459E-01
  4 -0.9117126E-01
  5 -0.1208128E+00
  6 -0.1149025E+00
  7 -0.1099096E+00
  8 -0.1962775E+00
  9 -0.2780916E+00
 10 -0.3630338E+00
 11 -0.4187346E+00
 12 -0.8727922E-01
 13 -0.6310584E-01
 14 -0.4317642E-01
 15 -0.3336209E-01
 16 -0.4294482E-01
 17 -0.9788159E-01
 18 -0.2421459E+00
 19 -0.2678111E+00
 20 -0.2691766E+00
 21 -0.2991008E+00
 22 -0.4531975E+00
  1  0.9648670E-01
  2  0.6647502E-01
  3  0.4076787E-01
  4  0.2739123E-01
  5  0.3694695E-01
  6  0.9797871E-01
  7  0.2454818E+00
  8  0.2472448E+00
  9  0.2310728E+00
 10  0.2606043E+00
 11  0.4712211E+00
 12 -0.5207970E-01
 13  0.3364738E-02
 14  0.5533125E-01
 15  0.9202096E-01
 16  0.1259222E+00
 17  0.1165448E+00
 18  0.1081347E+00
 19  0.2119065E+00
 20  0.3090620E+00
 21  0.4055316E+00
 22  0.3845508E+00
  1  0.3920116E-01
  2 -0.1225036E-01
  3 -0.5862694E-01
  4 -0.9139100E-01
  5 -0.1206683E+00
  6 -0.1144452E+00
  7 -0.1089363E+00
  8 -0.1955055E+00
  9 -0.2775030E+00
 10 -0.3627463E+00
 11 -0.4186760E+00
 12 -0.8783493E-01
 13 -0.6435884E-01
 14 -0.4313091E-01
 15 -0.3302323E-01
 16 -0.4261860E-01
 17 -0.9758097E-01
 18 -0.2407309E+00
 19 -0.2673622E+00
 20 -0.2697822E+00
 21 -0.2995839E+00
 22 -0.4547310E+00
  1  0.9021178E-01
  2  0.6275240E-01
  3  0.3850788E-01
  4  0.2698821E-01
  5  0.3702064E-01
  6  0.9482414E-01
  7  0.2324832E+00
  8  0.2403297E+00
  9  0.2318678E+00
 10  0.2657505E+00
 11  0.4715436E+00
 12 -0.4487671E-01
 13  0.7208609E-02
 14  0.5560469E-01
 15  0.9041692E-01
 16  0.1213444E+00
 17  0.1166455E+00
 18  0.1098568E+00
 19  0.2105593E+00
 20  0.3096272E+00
 21  0.4065091E+00
 22  0.3970119E+00
  1  0.3878957E-01
  2 -0.1305657E-01
  3 -0.5835347E-01
  4 -0.9157858E-01
  5 -0.1206221E+00
  6 -0.1155815E+00
  7 -0.1095800E+00
  8 -0.1953218E+00
  9 -0.2758702E+00
 10 -0.3609235E+00
 11 -0.4227372E+00
 12 -0.8737306E-01
 13 -0.6424120E-01
 14 -0.4416545E-01
 15 -0.3372499E-01
 16 -0.4313876E-01
 17 -0.9773870E-01
 18 -0.2402505E+00
 19 -0.2660972E+00
 20 -0.2701561E+00
 21 -0.3000617E+00
 22 -0.4534060E+00
  1  0.1162221E+00
  2  0.7431497E-01
  3  0.3786056E-01
  4  0.1806410E-01
  5  0.2292616E-01
  6  0.8871600E-01
  7  0.2454523E+00
  8  0.2344102E+00
  9  0.2090816E+00
 10  0.2378925E+00
 11  0.5033441E+00
 12 -0.7755487E-01
 13 -0.1011202E-01
 14  0.5089511E-01
 15  0.9421282E-01
 16  0.1308612E+00
 17  0.1173550E+00
 18  0.9822412E-01
 19  0.2169852E+00
 20  0.3266967E+00
 21  0.4185203E+00
 22  0.3389025E+00
  1  0.3971434E-01
  2 -0.1284549E-01
  3 -0.5971336E-01
  4 -0.9280144E-01
  5 -0.1221370E+00
  6 -0.1149373E+00
  7 -0.1044259E+00
  8 -0.1913380E+00
  9 -0.2738810E+00
 10 -0.3603337E+00
 11 -0.4279498E+00
 12 -0.8226851E-01
 13 -0.5772764E-01
 14 -0.3717669E-01
 15 -0.2689044E-01
 16 -0.3636576E-01
 17 -0.9409339E-01
 18 -0.2431054E+00
 19 -0.2665301E+00
 20 -0.2684449E+00
 21 -0.2985267E+00
 22 -0.4568845E+00
  1  0.1038985E+00
  2  0.7014260E-01
  3  0.4135090E-01
  4  0.2558886E-01
  5  0.3392904E-01
  6  0.9582178E-01
  7  0.2452338E+00
  8  0.2397502E+00
  9  0.2218052E+00
 10  0.2529078E+00
 11  0.4835311E+00
 12 -0.6400037E-01
 13 -0.5837375E-02
 14  0.4730871E-01
 15  0.8553581E-01
 16  0.1186858E+00
 17  0.1094386E+00
 18  0.1032700E+00
 19  0.2152264E+00
 20  0.3192152E+00
 21  0.4142053E+00
 22  0.3698736E+00
  1  0.3958298E-01
  2 -0.1334558E-01
  3 -0.6028510E-01
  4 -0.9368324E-01
  5 -0.1226992E+00
  6 -0.1160574E+00
  7 -0.1076784E+00
  8 -0.1920626E+00
  9 -0.2743396E+00
 10 -0.3579841E+00
 11 -0.4242428E+00
 12 -0.8280848E-01
 13 -0.5477469E-01
 14 -0.3344787E-01
 15 -0.2321957E-01
 16 -0.3512305E-01
 17 -0.9420848E-01
 18 -0.2447581E+00
 19 -0.2700662E+00
 20 -0.2721361E+00
 21 -0.2988738E+00
 22 -0.4556207E+00
  1  0.9493764E-01
  2  0.6368054E-01
  3  0.3806588E-01
  4  0.2428661E-01
  5  0.3226517E-01
  6  0.9042712E-01
  7  0.2317705E+00
  8  0.2359300E+00
  9  0.2234203E+00
 10  0.2571167E+00
 11  0.4795187E+00
 12 -0.5202406E-01
 13  0.1063120E-02
 14  0.5019027E-01
 15  0.8393486E-01
 16  0.1162379E+00
 17  0.1074990E+00
 18  0.1026272E+00
 19  0.2125276E+00
 20  0.3192318E+00
 21  0.4161168E+00
 22  0.3901650E+00
  1  0.4017110E-01
  2 -0.1272518E-01
  3 -0.6001842E-01
  4 -0.9298385E-01
  5 -0.1219396E+00
  6 -0.1145173E+00
  7 -0.1079799E+00
  8 -0.1934642E+00
  9 -0.2746170E+00
 10 -0.3580314E+00
 11 -0.4258651E+00
 12 -0.8159523E-01
 13 -0.5455770E-01
 14 -0.3358420E-01
 15 -0.2321657E-01
 16 -0.3538485E-01
 17 -0.9384085E-01
 18 -0.2438359E+00
 19 -0.2693790E+00
 20 -0.2713406E+00
 21 -0.2997487E+00
 22 -0.4550683E+00
  1  0.1216979E+00
  2  0.7752868E-01
  3  0.3824894E-01
  4  0.1635136E-01
  5  0.1933884E-01
  6  0.8540561E-01
  7  0.2433136E+00
  8  0.2322577E+00
  9  0.2046679E+00
 10  0.2349441E+00
 11  0.5140437E+00
 12 -0.7997340E-01
 13 -0.1012553E-01
 14  0.5132090E-01
 15  0.9642966E-01
 16  0.1340172E+00
 17  0.1201653E+00
 18  0.9777061E-01
 19  0.2165312E+00
 20  0.3289154E+00
 21  0.4166197E+00
 22  0.3259963E+00
  1  0.4159587E-01
  2 -0.1122747E-01
  3 -0.5834145E-01
  4 -0.9243458E-01
  5 -0.1212448E+00
  6 -0.1140179E+00
  7 -0.1048127E+00
  8 -0.1901553E+00
  9 -0.2727701E+00
 10 -0.3591724E+00
 11 -0.4298857E+00
 12 -0.8310083E-01
 13 -0.5399280E-01
 14 -0.3194232E-01
 15 -0.2142343E-01
 16 -0.3402102E-01
 17 -0.9324976E-01
 18 -0.2426933E+00
 19 -0.2695878E+00
 20 -0.2698919E+00
 21 -0.2980938E+00
 22 -0.4568461E+00
  1  0.1037897E+00
  2  0.6906298E-01
  3  0.3890660E-01
  4  0.2328012E-01
  5  0.3058074E-01
  6  0.8931995E-01
  7  0.2341832E+00
  8  0.2305028E+00
  9  0.2150078E+00
 10  0.2515034E+00
 11  0.4906175E+00
 12 -0.6691109E-01
 13 -0.1038386E-01
 14  0.4345823E-01
 15  0.8180902E-01
 16  0.1160551E+00
 17  0.1068016E+00
 18  0.1018444E+00
 19  0.2175690E+00
 20  0.3244082E+00
 21  0.4201876E+00
 22  0.3711863E+00
  1  0.4394452E-01
  2 -0.8839780E-02
  3 -0.5651736E-01
  4 -0.9019120E-01
  5 -0.1192194E+00
  6 -0.1109329E+00
  7 -0.1020868E+00
  8 -0.1886689E+00
  9 -0.2706881E+00
 10 -0.3573466E+00
 11 -0.4307517E+00
 12 -0.8294131E-01
 13 -0.5390676E-01
 14 -0.2925077E-01
 15 -0.1759371E-01
 16 -0.2891371E-01
 17 -0.8946939E-01
 18 -0.2418602E+00
 19 -0.2706118E+00
 20 -0.2728758E+00
 21 -0.3015955E+00
 22 -0.4589881E+00
  1  0.9570631E-01
  2  0.6405263E-01
  3  0.3747571E-01
  4  0.2352947E-01
  5  0.3164319E-01
  6  0.8867022E-01
  7  0.2244729E+00
  8  0.2264427E+00
  9  0.2131997E+00
 10  0.2505704E+00
 11  0.4861660E+00
 12 -0.5768830E-01
 13 -0.3901168E-02
 14  0.4501213E-01
 15  0.8128075E-01
 16  0.1132738E+00
 17  0.1064162E+00
 18  0.1021406E+00
 19  0.2128848E+00
 20  0.3200427E+00
 21  0.4246920E+00
 22  0.3936751E+00
  1  0.4436123E-01
  2 -0.8708797E-02
  3 -0.5561755E-01
  4 -0.8939287E-01
  5 -0.1185456E+00
  6 -0.1114426E+00
  7 -0.9986705E-01
  8 -0.1888545E+00
  9 -0.2704005E+00
 10 -0.3551708E+00
 11 -0.4310983E+00
 12 -0.8396583E-01
 13 -0.5418417E-01
 14 -0.3053506E-01
 15 -0.1897547E-01
 16 -0.2980401E-01
 17 -0.9046870E-01
 18 -0.2421863E+00
 19 -0.2698450E+00
 20 -0.2739983E+00
 21 -0.3032915E+00
 22 -0.4590954E+00
  1  0.1203614E+00
  2  0.7871028E-01
  3  0.4042001E-01
  4  0.1922601E-01
  5  0.2357984E-01
  6  0.9043280E-01
  7  0.2409834E+00
  8  0.2269694E+00
  9  0.2042882E+00
 10  0.2394288E+00
 11  0.5192866E+00
 12 -0.7992791E-01
 13 -0.1088231E-01
 14  0.5131579E-01
 15  0.9546957E-01
 16  0.1334723E+00
 17  0.1200828E+00
 18  0.1016431E+00
 19  0.2195513E+00
 20  0.3282575E+00
 21  0.4127055E+00
 22  0.3212034E+00
  1  0.4695993E-01
  2 -0.6748986E-02
  3 -0.5349425E-01
  4 -0.8657567E-01
  5 -0.1156858E+00
  6 -0.1079090E+00
  7 -0.9764075E-01
  8 -0.1884968E+00
  9 -0.2707888E+00
 10 -0.3585745E+00
 11 -0.4335516E+00
 12 -0.8547632E-01
 13 -0.5484405E-01
 14 -0.2886615E-01
 15 -0.1759615E-01
 16 -0.2828069E-01
 17 -0.8875161E-01
 18 -0.2422056E+00
 19 -0.2701774E+00
 20 -0.2726818E+00
 21 -0.3008031E+00
 22 -0.4591295E+00
  1  0.1027887E+00
  2  0.6784252E-01
  3  0.3699236E-01
  4  0.1987093E-01
  5  0.2502015E-01
  6  0.8416278E-01
  7  0.2266407E+00
  8  0.2219880E+00
  9  0.2073904E+00
 10  0.2492762E+00
 11  0.4971156E+00
 12 -0.6881669E-01
 13 -0.1108454E-01
 14  0.4125391E-01
 15  0.7972445E-01
 16  0.1133016E+00
 17  0.1034658E+00
 18  0.9708284E-01
 19  0.2125735E+00
 20  0.3257697E+00
 21  0.4255193E+00
 22  0.3797067E+00
  1  0.4575249E-01
  2 -0.7635722E-02
  3 -0.5487240E-01
  4 -0.8853337E-01
  5 -0.1159517E+00
  6 -0.1068676E+00
  7 -0.9844093E-01
  8 -0.1889369E+00
  9 -0.2713253E+00
 10 -0.3564086E+00
 11 -0.4324533E+00
 12 -0.8548690E-01
 13 -0.5495051E-01
 14 -0.2913031E-01
 15 -0.1772881E-01
 16 -0.2939070E-01
 17 -0.8867007E-01
 18 -0.2435196E+00
 19 -0.2711202E+00
 20 -0.2735450E+00
 21 -0.3029325E+00
 22 -0.4576747E+00
  1  0.9727071E-01
  2  0.6501000E-01
  3  0.3637265E-01
  4  0.2040991E-01
  5  0.2752824E-01
  6  0.8516314E-01
  7  0.2222551E+00
  8  0.2220768E+00
  9  0.2110213E+00
 10  0.2507748E+00
 11  0.4905226E+00
 12 -0.6219263E-01
 13 -0.6733167E-02
 14  0.4266716E-01
 15  0.8000271E-01
 16  0.1117641E+00
 17  0.1065467E+00
 18  0.1018177E+00
 19  0.2124335E+00
 20  0.3206920E+00
 21  0.4266324E+00
 22  0.3917719E+00
  1  0.4575405E-01
  2 -0.7333277E-02
  3 -0.5484823E-01
  4 -0.8855592E-01
  5 -0.1157310E+00
  6 -0.1064676E+00
  7 -0.9841174E-01
  8 -0.1872085E+00
  9 -0.2707031E+00
 10 -0.3556070E+00
 11 -0.4319050E+00
 12 -0.8479977E-01
 13 -0.5499470E-01
 14 -0.2943727E-01
 15 -0.1710122E-01
 16 -0.2880256E-01
 17 -0.8833458E-01
 18 -0.2442603E+00
 19 -0.2716925E+00
 20 -0.2744299E+00
 21 -0.3029200E+00
 22 -0.4590248E+00
  1  0.1235979E+00
  2  0.7998961E-01
  3  0.4243349E-01
  4  0.2195041E-01
  5  0.2502675E-01
  6  0.8979462E-01
  7  0.2453170E+00
  8  0.2299353E+00
  9  0.2052194E+00
 10  0.2422772E+00
 11  0.5223026E+00
 12 -0.8210146E-01
 13 -0.1258423E-01
 14  0.4844905E-01
 15  0.9131679E-01
 16  0.1264685E+00
 17  0.1130935E+00
 18  0.1006053E+00
 19  0.2235586E+00
 20  0.3326432E+00
 21  0.4122672E+00
 22  0.3059481E+00
  1  0.4766309E-01
  2 -0.5834688E-02
  3 -0.5433225E-01
  4 -0.8681727E-01
  5 -0.1148507E+00
  6 -0.1053431E+00
  7 -0.9806284E-01
  8 -0.1871043E+00
  9 -0.2716514E+00
 10 -0.3562478E+00
 11 -0.4343853E+00
 12 -0.8514506E-01
 13 -0.5448337E-01
 14 -0.2900918E-01
 15 -0.1613081E-01
 16 -0.2623967E-01
 17 -0.8680413E-01
 18 -0.2433486E+00
 19 -0.2703471E+00
 20 -0.2722920E+00
 21 -0.3022474E+00
 22 -0.4599449E+00
  1  0.1037813E+00
  2  0.6802847E-01
  3  0.3815049E-01
  4  0.2046157E-01
  5  0.2555992E-01
  6  0.8357351E-01
  7  0.2217478E+00
  8  0.2186835E+00
  9  0.2034301E+00
 10  0.2453987E+00
 11  0.4967972E+00
 12 -0.6848301E-01
 13 -0.1040881E-01
 14  0.4127540E-01
 15  0.7796381E-01
 16  0.1096940E+00
 17  0.9895946E-01
 18  0.9747086E-01
 19  0.2155397E+00
 20  0.3297184E+00
 21  0.4321664E+00
 22  0.3792588E+00
  1  0.4798623E-01
  2 -0.5919239E-02
  3 -0.5342875E-01
  4 -0.8687510E-01
  5 -0.1140844E+00
  6 -0.1037158E+00
  7 -0.9458534E-01
  8 -0.1851384E+00
  9 -0.2694976E+00
 10 -0.3550948E+00
 11 -0.4332698E+00
 12 -0.8654736E-01
 13 -0.5484897E-01
 14 -0.2801376E-01
 15 -0.1401681E-01
 16 -0.2316714E-01
 17 -0.8444186E-01
 18 -0.2437548E+00
 19 -0.2725598E+00
 20 -0.2751950E+00
 21 -0.3055592E+00
 22 -0.4602937E+00
  1  0.1299316E+00
  2  0.8306726E-01
  3  0.4122464E-01
  4  0.1642757E-01
  5  0.1767813E-01
  6  0.8719849E-01
  7  0.2448127E+00
  8  0.2254509E+00
  9  0.1990383E+00
 10  0.2391195E+00
 11  0.5352926E+00
 12 -0.9376270E-01
 13 -0.2499171E-01
 14  0.3832938E-01
 15  0.8376797E-01
 16  0.1199368E+00
 17  0.1043122E+00
 18  0.9222019E-01
 19  0.2218355E+00
 20  0.3335975E+00
 21  0.4125919E+00
 22  0.2997253E+00
  1  0.4948632E-01
  2 -0.4960097E-02
  3 -0.5334717E-01
  4 -0.8746427E-01
  5 -0.1150702E+00
  6 -0.1046375E+00
  7 -0.9242100E-01
  8 -0.1827312E+00
  9 -0.2688669E+00
 10 -0.3563379E+00
 11 -0.4386128E+00
 12 -0.8793297E-01
 13 -0.5595030E-01
 14 -0.2936944E-01
 15 -0.1468472E-01
 16 -0.2153984E-01
 17 -0.8124308E-01
 18 -0.2420062E+00
 19 -0.2701516E+00
 20 -0.2713419E+00
 21 -0.3029301E+00
 22 -0.4618589E+00
  1  0.1087817E+00
  2  0.7017340E-01
  3  0.3652514E-01
  4  0.1608879E-01
  5  0.1929204E-01
  6  0.7726488E-01
  7  0.2216732E+00
  8  0.2117814E+00
  9  0.1954548E+00
 10  0.2387451E+00
 11  0.5061905E+00
 12 -0.7833666E-01
 13 -0.1925981E-01
 14  0.3472004E-01
 15  0.7294149E-01
 16  0.1035517E+00
 17  0.9100461E-01
 18  0.8634277E-01
 19  0.2136549E+00
 20  0.3341496E+00
 21  0.4363233E+00
 22  0.3777703E+00
  1  0.4917130E-01
  2 -0.6422068E-02
  3 -0.5545405E-01
  4 -0.8938228E-01
  5 -0.1169462E+00
  6 -0.1059777E+00
  7 -0.9207004E-01
  8 -0.1824649E+00
  9 -0.2671784E+00
 10 -0.3532783E+00
 11 -0.4356269E+00
 12 -0.8935849E-01
 13 -0.5757435E-01
 14 -0.3014635E-01
 15 -0.1572897E-01
 16 -0.2280344E-01
 17 -0.8104038E-01
 18 -0.2436614E+00
 19 -0.2706987E+00
 20 -0.2733524E+00
 21 -0.3053473E+00
 22 -0.4622632E+00
  1  0.1307237E+00
  2  0.8420628E-01
  3  0.4252655E-01
  4  0.1940414E-01
  5  0.2100047E-01
  6  0.9062566E-01
  7  0.2438926E+00
  8  0.2234664E+00
  9  0.1964116E+00
 10  0.2399407E+00
 11  0.5390574E+00
 12 -0.9382804E-01
 13 -0.2455814E-01
 14  0.3859414E-01
 15  0.8208433E-01
 16  0.1202502E+00
 17  0.1042382E+00
 18  0.9442180E-01
 19  0.2237730E+00
 20  0.3355305E+00
 21  0.4104022E+00
 22  0.2930332E+00
  1  0.5159483E-01
  2 -0.4572303E-02
  3 -0.5392911E-01
  4 -0.8855141E-01
  5 -0.1165696E+00
  6 -0.1053864E+00
  7 -0.9200986E-01
  8 -0.1825621E+00
  9 -0.2685007E+00
 10 -0.3569009E+00
 11 -0.4394980E+00
 12 -0.8956212E-01
 13 -0.5697158E-01
 14 -0.2945869E-01
 15 -0.1472763E-01
 16 -0.2204675E-01
 17 -0.8056191E-01
 18 -0.2419814E+00
 19 -0.2671394E+00
 20 -0.2687758E+00
 21 -0.3024286E+00
 22 -0.4631399E+00
  1  0.1106514E+00
  2  0.7125453E-01
  3  0.3667519E-01
  4  0.1696850E-01
  5  0.1895729E-01
  6  0.7814734E-01
  7  0.2183547E+00
  8  0.2065496E+00
  9  0.1893217E+00
 10  0.2362579E+00
 11  0.5109656E+00
 12 -0.8000848E-01
 13 -0.2077725E-01
 14  0.3302290E-01
 15  0.7093748E-01
 16  0.1023010E+00
 17  0.8805010E-01
 18  0.8374312E-01
 19  0.2134136E+00
 20  0.3376612E+00
 21  0.4379405E+00
 22  0.3767658E+00
  1  0.5525205E-01
  2 -0.1913004E-02
  3 -0.5184804E-01
  4 -0.8656695E-01
  5 -0.1151460E+00
  6 -0.1038438E+00
  7 -0.8717531E-01
  8 -0.1776808E+00
  9 -0.2669133E+00
 10 -0.3543453E+00
 11 -0.4377122E+00
 12 -0.9127209E-01
 13 -0.5643010E-01
 14 -0.2746075E-01
 15 -0.1211452E-01
 16 -0.1878542E-01
 17 -0.7854921E-01
 18 -0.2423572E+00
 19 -0.2693784E+00
 20 -0.2712527E+00
 21 -0.3053879E+00
 22 -0.4669840E+00
  1  0.1322059E+00
  2  0.8332345E-01
  3  0.4023038E-01
  4  0.1775754E-01
  5  0.1751611E-01
  6  0.8203746E-01
  7  0.2427274E+00
  8  0.2252359E+00
  9  0.1974023E+00
 10  0.2414168E+00
 11  0.5397424E+00
 12 -0.9549849E-01
 13 -0.2508425E-01
 14  0.3871774E-01
 15  0.8412165E-01
 16  0.1207798E+00
 17  0.1059392E+00
 18  0.9627207E-01
 19  0.2273053E+00
 20  0.3382407E+00
 21  0.4089456E+00
 22  0.2857860E+00
  1  0.5816184E-01
  2  0.2943172E-02
  3 -0.4837525E-01
  4 -0.8454245E-01
  5 -0.1127580E+00
  6 -0.1021115E+00
  7 -0.8340907E-01
  8 -0.1748273E+00
  9 -0.2662168E+00
 10 -0.3547962E+00
 11 -0.4419184E+00
 12 -0.9295100E-01
 13 -0.5829856E-01
 14 -0.2795294E-01
 15 -0.1088398E-01
 16 -0.1733162E-01
 17 -0.7725288E-01
 18 -0.2416999E+00
 19 -0.2675049E+00
 20 -0.2701494E+00
 21 -0.3036001E+00
 22 -0.4691229E+00
  1  0.1362443E+00
  2  0.7834872E-01
  3  0.2642963E-01
  4 -0.3738746E-02
  5 -0.4206089E-02
  6  0.7220728E-01
  7  0.2512107E+00
  8  0.2197008E+00
  9  0.1858377E+00
 10  0.2295260E+00
 11  0.5569631E+00
 12 -0.1087260E+00
 13 -0.3148794E-01
 14  0.4016953E-01
 15  0.8985636E-01
 16  0.1286294E+00
 17  0.1078958E+00
 18  0.8106481E-01
 19  0.2188156E+00
 20  0.3379166E+00
 21  0.4097556E+00
 22  0.2707897E+00
  1  0.6449996E-01
  2  0.7357424E-02
  3 -0.4376676E-01
  4 -0.7870237E-01
  5 -0.1088166E+00
  6 -0.9873237E-01
  7 -0.7972724E-01
  8 -0.1763238E+00
  9 -0.2679905E+00
 10 -0.3590587E+00
 11 -0.4458703E+00
 12 -0.9591956E-01
 13 -0.5876214E-01
 14 -0.2736124E-01
 15 -0.9986945E-02
 16 -0.1513752E-01
 17 -0.7835825E-01
 18 -0.2430419E+00
 19 -0.2658173E+00
 20 -0.2644221E+00
 21 -0.2965300E+00
 22 -0.4707966E+00
  1  0.1386518E+00
  2  0.7585782E-01
  3  0.1936597E-01
  4 -0.1175459E-01
  5 -0.1312790E-01
  6  0.6941608E-01
  7  0.2448678E+00
  8  0.2142244E+00
  9  0.1776339E+00
 10  0.2178090E+00
 11  0.5633764E+00
 12 -0.1149564E+00
 13 -0.3436180E-01
 14  0.4018090E-01
 15  0.9268085E-01
 16  0.1324660E+00
 17  0.1053840E+00
 18  0.7234890E-01
 19  0.2164357E+00
 20  0.3421632E+00
 21  0.4151231E+00
 22  0.2693371E+00
  1  0.7050382E-01
  2  0.1131145E-01
  3 -0.4152169E-01
  4 -0.7652918E-01
  5 -0.1054557E+00
  6 -0.9168795E-01
  7 -0.7416832E-01
  8 -0.1743458E+00
  9 -0.2679972E+00
 10 -0.3600388E+00
 11 -0.4483564E+00
 12 -0.9687468E-01
 13 -0.5742371E-01
 14 -0.2358871E-01
 15 -0.4010280E-02
 16 -0.9638184E-02
 17 -0.7442268E-01
 18 -0.2467375E+00
 19 -0.2668763E+00
 20 -0.2625243E+00
 21 -0.2942369E+00
 22 -0.4721637E+00
  1  0.1447520E+00
  2  0.7546686E-01
  3  0.1733992E-01
  4 -0.1756358E-01
  5 -0.1936529E-01
  6  0.5946269E-01
  7  0.2446103E+00
  8  0.2086134E+00
  9  0.1638626E+00
 10  0.2091166E+00
 11  0.5731369E+00
 12 -0.1247406E+00
 13 -0.3892318E-01
 14  0.4037698E-01
 15  0.9218550E-01
 16  0.1311895E+00
 17  0.1007095E+00
 18  0.6284867E-01
 19  0.2120118E+00
 20  0.3405608E+00
 21  0.4178542E+00
 22  0.2690204E+00
  1  0.7636508E-01
  2  0.1437525E-01
  3 -0.4034838E-01
  4 -0.7986016E-01
  5 -0.1082624E+00
  6 -0.9128817E-01
  7 -0.6655084E-01
  8 -0.1700527E+00
  9 -0.2666450E+00
 10 -0.3595809E+00
 11 -0.4457985E+00
 12 -0.9870724E-01
 13 -0.5575135E-01
 14 -0.1954780E-01
 15  0.3397401E-03
 16 -0.6064360E-02
 17 -0.7611028E-01
 18 -0.2542615E+00
 19 -0.2691379E+00
 20 -0.2598587E+00
 21 -0.2889022E+00
 22 -0.4756913E+00
  1  0.1510147E+00
  2  0.7850679E-01
  3  0.1561007E-01
  4 -0.2188279E-01
  5 -0.2975955E-01
  6  0.5271170E-01
  7  0.2462270E+00
  8  0.2062368E+00
  9  0.1578939E+00
 10  0.2003227E+00
 11  0.5771488E+00
 12 -0.1338202E+00
 13 -0.4565652E-01
 14  0.3460428E-01
 15  0.9008720E-01
 16  0.1279061E+00
 17  0.9211507E-01
 18  0.5352676E-01
 19  0.2065694E+00
 20  0.3407742E+00
 21  0.4194245E+00
 22  0.2712788E+00
  1  0.8353355E-01
  2  0.1850181E-01
  3 -0.3986602E-01
  4 -0.8004808E-01
  5 -0.1118145E+00
  6 -0.9123135E-01
  7 -0.5852134E-01
  8 -0.1669723E+00
  9 -0.2660956E+00
 10 -0.3630066E+00
 11 -0.4426032E+00
 12 -0.1040761E+00
 13 -0.5657544E-01
 14 -0.1672748E-01
 15  0.3945969E-02
 16 -0.3900821E-02
 17 -0.7658520E-01
 18 -0.2607635E+00
 19 -0.2711973E+00
 20 -0.2581494E+00
 21 -0.2870489E+00
 22 -0.4725275E+00
  1  0.1575937E+00
  2  0.8146373E-01
  3  0.1361438E-01
  4 -0.2602847E-01
  5 -0.3346615E-01
  6  0.5178723E-01
  7  0.2526785E+00
  8  0.2079648E+00
  9  0.1549234E+00
 10  0.1960362E+00
 11  0.5765645E+00
 12 -0.1384701E+00
 13 -0.4708727E-01
 14  0.3473385E-01
 15  0.8967012E-01
 16  0.1252064E+00
 17  0.8883397E-01
 18  0.4822685E-01
 19  0.1999338E+00
 20  0.3377633E+00
 21  0.4228953E+00
 22  0.2692194E+00
  1  0.8833273E-01
  2  0.1974034E-01
  3 -0.4100580E-01
  4 -0.8372378E-01
  5 -0.1162215E+00
  6 -0.9142136E-01
  7 -0.5199344E-01
  8 -0.1606276E+00
  9 -0.2631325E+00
 10 -0.3628798E+00
 11 -0.4437547E+00
 12 -0.1106821E+00
 13 -0.5959030E-01
 14 -0.1760132E-01
 15  0.6301944E-02
 16  0.1659416E-02
 17 -0.7742183E-01
 18 -0.2634347E+00
 19 -0.2710795E+00
 20 -0.2549889E+00
 21 -0.2820576E+00
 22 -0.4746601E+00
  1  0.1625673E+00
  2  0.8385962E-01
  3  0.1305056E-01
  4 -0.2786490E-01
  5 -0.3265429E-01
  6  0.5435643E-01
  7  0.2576649E+00
  8  0.2072683E+00
  9  0.1568089E+00
 10  0.1888706E+00
 11  0.5761976E+00
 12 -0.1429915E+00
 13 -0.4977618E-01
 14  0.3554744E-01
 15  0.8930432E-01
 16  0.1271105E+00
 17  0.8825164E-01
 18  0.4279776E-01
 19  0.1973897E+00
 20  0.3367352E+00
 21  0.4224701E+00
 22  0.2667975E+00
  1  0.9473019E-01
  2  0.2394887E-01
  3 -0.4149055E-01
  4 -0.8674553E-01
  5 -0.1199134E+00
  6 -0.9334735E-01
  7 -0.4288365E-01
  8 -0.1571786E+00
  9 -0.2642827E+00
 10 -0.3630436E+00
 11 -0.4418455E+00
 12 -0.1165741E+00
 13 -0.6185939E-01
 14 -0.1544180E-01
 15  0.8681211E-02
 16  0.5259943E-02
 17 -0.7439209E-01
 18 -0.2688615E+00
 19 -0.2688563E+00
 20 -0.2499779E+00
 21 -0.2789204E+00
 22 -0.4759711E+00
  1  0.2258380E+00
  2  0.1106449E+00
  3  0.6620986E-02
  4 -0.5598658E-01
  5 -0.7258935E-01
  6  0.4201005E-01
  7  0.2825994E+00
  8  0.1866253E+00
  9  0.8986630E-01
 10  0.1242894E+00
 11  0.6279170E+00
 12 -0.2078969E+00
 13 -0.7796261E-01
 14  0.3703928E-01
 15  0.1141265E+00
 16  0.1608457E+00
 17  0.8829658E-01
 18 -0.5190128E-01
 19  0.1393124E+00
 20  0.3110253E+00
 21  0.3926708E+00
 22  0.1538021E+00
  1  0.1257808E+00
  2  0.3647804E-01
  3 -0.4279438E-01
  4 -0.9735401E-01
  5 -0.1343975E+00
  6 -0.9571549E-01
  7 -0.1655873E-01
  8 -0.1423524E+00
  9 -0.2680946E+00
 10 -0.3666759E+00
 11 -0.4235552E+00
 12 -0.1401677E+00
 13 -0.6609997E-01
 14 -0.2499552E-02
 15  0.3364435E-01
 16  0.3138255E-01
 17 -0.6254663E-01
 18 -0.2779129E+00
 19 -0.2656015E+00
 20 -0.2310768E+00
 21 -0.2532708E+00
 22 -0.4926237E+00
